Patient ID,0,1,2,3,4,5,6,7,8,9,10,11,12,13,14,15,16,17,18,19,20,21,22,23,24,25,26,27,28,29,30,31,32,33,34,35,36,37,38,39,40,41,42,43,44,45,46,47,48,49,50,51,52,53,54,55,56,57,58,59,60,61,62,63,64,65,66,67,68,69,70,71,72,73,74,75,76,77,78,79,80,81,82,83,84,85,86,87,88,89,90,91,92,93,94,95,96,97,98,99,100,101,102,103,104,105,106,107,108,109,110,111,112,113,114,115,116,117,118,119,120,121,122,123,124,125,126,127,128,129,130,131,132,133,134,135,136,137,138,139,140,141,142,143,144,145,146,147,148,149,150,151,152,153,154,155,156,157,158,159,160,161,162,163,164,165,166,167,168,169,170,171,172,173,174,175,176,177,178,179,180,181,182,183,184,185,186,187,188,189,190,191,192,193,194,195,196,197,198,199
CPT000814,1,1,0,0,1,0,0,0,0,0,1,1,1,0,1,1,1,0,0,0,1,0,1,0,1,0,1,0,0,0,0,0,0,1,1,0,1,1,0,0,1,1,1,1,1,0,1,0,1,0,1,0,0,1,1,0,1,1,0,1,0,0,0,0,1,0,1,0,1,0,1,0,0,1,1,1,0,0,1,0,1,1,1,1,0,0,0,0,1,0,0,0,0,1,1,0,1,1,1,1,0,0,0,1,1,0,1,1,1,1,1,1,0,1,0,1,0,1,1,0,0,1,0,0,1,0,0,0,1,0,1,0,1,1,0,1,0,0,0,1,0,1,0,0,1,1,0,0,1,1,0,1,1,1,0,0,0,0,0,1,1,1,0,0,0,1,0,1,1,0,0,1,1,1,0,1,0,1,0,0,1,0,0,0,0,1,0,0,0,0,1,1,0,1,0,1,1,1,0,0
CPT001846,1,1,0,0,0,0,0,0,0,1,1,1,0,0,0,0,0,1,0,0,1,0,1,0,0,0,1,1,0,1,1,1,0,1,0,0,1,1,0,0,1,1,0,0,0,0,1,0,1,1,0,0,1,1,0,1,0,0,0,1,0,0,1,0,1,0,1,0,1,0,1,0,1,1,1,1,1,0,0,0,1,1,0,1,0,0,0,0,1,1,0,1,0,1,1,1,0,1,1,1,0,1,0,1,1,0,1,1,1,1,1,1,0,1,0,1,0,0,1,1,0,1,0,0,0,1,0,0,1,0,1,0,1,1,0,1,0,1,0,1,0,0,0,0,1,0,0,0,1,0,0,1,0,0,1,0,0,0,0,0,1,0,0,0,0,1,0,1,1,0,0,1,1,0,0,1,1,0,0,0,0,0,1,0,0,1,0,1,1,0,1,1,0,1,0,1,1,1,1,1
X01BR001,1,1,1,0,1,0,0,1,1,1,1,1,0,0,1,0,1,0,0,0,1,0,1,1,0,0,0,0,1,0,1,0,1,0,0,0,1,0,1,1,0,1,0,1,1,0,0,1,0,0,1,1,1,1,0,0,0,1,0,0,0,1,0,1,0,1,1,0,1,0,0,0,0,1,0,0,0,0,0,0,1,1,1,1,0,1,1,0,1,0,0,0,1,1,0,1,1,1,0,1,0,0,1,0,1,1,1,1,1,1,1,1,1,1,1,1,0,1,0,0,1,0,1,0,1,0,0,0,1,1,0,0,1,0,1,1,1,0,1,1,1,1,0,0,1,0,0,0,0,1,0,1,1,1,0,0,0,0,1,1,1,0,0,0,0,1,0,1,1,0,0,1,1,1,0,0,0,1,1,0,1,0,0,0,0,0,0,0,1,1,1,1,0,1,0,1,1,1,0,1
X01BR008,1,1,0,1,1,0,0,0,0,1,1,1,0,0,1,1,0,0,0,0,0,0,1,1,1,0,1,1,0,0,0,0,0,1,1,0,1,1,1,0,1,1,1,1,0,0,1,0,1,0,1,0,1,1,1,0,1,1,0,0,0,0,0,0,1,0,1,0,1,0,1,0,0,1,0,0,0,0,1,0,1,1,1,1,0,0,1,0,1,0,0,0,0,0,1,0,0,1,1,1,0,0,0,1,1,0,1,1,1,1,1,1,0,1,0,1,1,0,1,0,0,0,0,0,1,0,0,0,1,1,1,0,1,1,0,1,0,0,0,1,0,1,0,0,1,1,0,0,1,1,0,1,0,1,0,0,0,0,0,1,1,1,0,0,0,1,1,1,1,0,0,1,1,1,1,1,0,1,1,1,0,0,0,0,0,0,1,1,0,1,1,1,0,1,0,1,1,1,0,1
X01BR009,1,1,1,1,1,0,1,0,0,1,1,1,0,0,0,0,0,1,0,0,0,0,1,1,0,0,1,1,1,0,0,1,1,1,1,0,0,1,0,0,1,1,0,0,0,0,1,0,0,1,0,1,1,1,0,1,0,0,0,0,1,0,1,0,1,0,1,0,1,1,0,0,1,1,0,1,0,1,0,0,1,0,1,1,0,1,1,0,1,0,0,0,1,0,0,0,1,1,0,1,0,0,0,1,0,0,1,1,0,0,1,1,1,1,1,1,0,0,0,1,0,1,0,0,1,1,0,0,1,1,1,0,1,0,1,1,0,0,0,1,0,0,1,0,1,1,0,0,1,1,0,1,0,1,1,0,0,0,0,1,1,0,0,0,0,1,1,1,1,0,0,1,1,1,0,1,0,1,0,1,0,0,0,0,1,0,1,0,0,1,1,1,0,1,0,1,1,1,0,1
X01BR010,0,1,0,0,1,1,1,1,0,1,1,1,0,1,0,0,1,1,0,0,1,0,1,1,0,1,0,0,0,1,1,1,0,1,0,0,0,1,0,1,0,0,0,1,1,1,0,0,1,0,0,0,1,1,0,0,1,0,1,0,0,1,1,1,1,1,1,0,1,1,1,1,1,1,1,1,1,0,0,0,1,0,1,0,0,1,1,0,1,0,1,1,0,0,1,0,0,0,0,1,0,0,1,0,0,0,1,0,0,0,1,0,1,0,0,1,1,1,0,1,0,1,0,1,1,1,0,0,1,1,0,0,0,0,0,1,0,0,0,0,0,0,0,0,1,1,0,0,1,1,1,1,0,1,0,0,0,0,0,1,0,0,0,1,0,1,0,0,0,0,0,1,0,0,0,1,1,1,0,1,0,1,1,0,0,1,0,1,0,0,0,1,0,0,0,1,0,1,0,0
X01BR015,0,0,1,0,1,1,1,1,1,0,0,0,1,1,0,0,0,1,1,1,1,1,0,1,0,1,0,1,1,1,0,1,1,0,1,0,0,0,0,0,0,0,1,0,1,1,0,1,0,1,0,1,1,0,0,1,0,1,1,1,1,1,1,1,0,1,0,1,1,1,1,1,1,1,0,0,0,1,0,1,0,0,0,1,1,1,1,1,1,1,1,0,1,0,1,0,1,0,0,0,1,0,1,1,0,1,1,0,0,0,0,1,1,0,0,0,0,1,0,1,1,1,1,0,0,1,0,1,1,1,1,1,1,0,0,0,0,1,1,0,1,0,0,0,0,1,1,1,0,1,0,0,1,1,1,0,0,0,1,0,0,1,0,0,0,0,0,0,0,1,0,1,0,1,1,1,1,0,1,1,0,0,0,1,0,1,0,0,0,0,0,1,1,1,0,0,1,1,1,0
X01BR017,1,0,1,1,1,0,1,1,1,0,1,0,0,1,0,1,0,1,1,1,0,0,0,1,0,0,0,1,0,0,0,1,1,0,1,1,1,0,1,0,0,1,0,0,0,0,0,0,1,1,0,1,1,1,0,0,1,1,1,1,1,0,1,0,1,1,0,1,1,0,1,0,1,1,1,0,0,0,0,0,1,1,1,1,0,1,1,0,1,0,1,1,1,0,0,1,1,1,0,1,0,0,1,0,1,1,1,0,0,1,0,0,0,1,1,1,0,0,0,0,0,1,1,1,0,0,0,0,1,1,1,1,0,0,0,1,1,0,0,0,1,0,0,0,1,0,0,0,1,1,0,1,1,1,0,0,0,0,0,1,1,0,0,0,0,1,0,0,0,0,0,1,0,1,0,1,1,0,1,0,0,1,1,0,0,1,0,1,1,0,1,1,0,0,0,1,1,1,0,1
X01BR018,1,0,1,1,1,0,1,1,1,0,1,1,0,0,0,1,0,1,0,1,0,0,0,1,0,0,0,1,1,0,0,0,1,0,1,0,1,0,1,0,1,1,0,0,0,0,0,0,1,1,0,1,1,1,0,0,0,0,0,1,1,0,1,0,1,0,1,0,1,1,0,0,0,0,0,1,0,0,1,0,1,1,1,0,0,1,1,1,1,0,1,0,1,0,0,0,0,1,0,1,0,1,0,1,1,1,1,1,1,0,1,1,0,1,1,1,0,0,0,1,1,0,1,1,0,0,1,0,1,1,1,0,0,1,1,0,1,0,1,1,0,0,0,0,1,0,0,0,1,0,0,0,1,1,0,0,1,1,0,1,1,1,0,0,1,1,0,1,1,0,0,1,1,1,1,0,1,1,1,0,0,0,0,1,1,0,0,0,0,1,1,1,1,1,0,1,1,1,0,1
X01BR020,1,1,1,1,1,0,0,0,0,1,1,1,0,0,0,0,0,1,0,1,0,0,1,1,0,0,1,1,1,1,0,1,1,1,1,1,1,0,0,0,1,1,0,1,0,0,1,1,1,0,1,0,1,1,0,1,1,0,0,1,0,0,0,0,1,1,1,0,1,0,0,0,0,1,0,0,0,0,1,0,1,1,1,1,0,1,1,0,1,1,1,0,1,1,0,0,1,1,0,0,0,0,0,0,1,1,1,1,0,0,1,1,0,1,0,1,0,0,1,0,0,1,0,0,0,0,0,0,1,0,1,0,1,1,0,1,0,0,0,1,0,0,0,0,1,1,0,0,1,1,0,1,1,0,0,0,0,0,0,1,1,1,0,0,1,1,0,1,1,0,0,1,1,0,0,1,0,1,1,1,0,0,1,0,0,1,0,0,0,0,1,1,0,1,0,1,1,1,0,0
X01BR023,0,0,1,0,0,1,0,0,0,0,0,0,1,1,1,0,1,0,1,1,1,1,0,1,1,1,0,0,1,1,1,0,0,0,0,1,1,1,0,1,0,0,1,1,1,1,0,0,0,1,1,0,1,0,1,0,1,1,0,1,0,1,0,1,0,0,0,1,0,0,0,1,1,1,0,0,0,1,0,1,0,0,1,1,1,0,0,0,1,0,1,0,0,1,1,0,1,0,0,0,1,1,1,0,1,1,0,1,1,0,0,1,0,1,0,0,0,1,1,0,1,0,0,0,1,1,1,1,1,1,0,1,1,1,0,1,0,1,1,1,1,1,1,1,0,1,0,1,0,1,0,0,1,0,0,1,1,1,1,0,1,1,1,0,0,0,1,1,1,0,0,0,1,0,0,1,0,1,0,1,1,0,0,0,0,1,0,1,0,0,1,0,0,1,0,1,1,1,1,0
X01BR025,0,1,1,0,0,1,0,1,0,0,0,1,1,1,1,0,1,0,1,0,1,1,1,0,1,1,0,0,1,1,1,0,0,1,0,0,1,0,0,1,0,0,1,1,1,1,0,0,0,1,1,1,1,1,1,0,0,1,1,1,1,1,0,1,0,1,0,1,1,0,0,1,1,1,1,1,1,0,0,1,0,0,1,1,1,0,0,0,1,0,0,1,1,1,1,1,1,0,0,0,1,0,1,0,1,0,0,0,1,1,1,1,1,0,0,0,1,1,1,0,0,0,1,0,1,0,1,1,1,1,0,1,0,0,0,1,1,1,1,0,1,1,0,1,0,0,0,1,1,1,1,0,1,0,0,1,0,1,0,0,1,0,1,0,0,0,0,1,0,0,0,1,1,0,0,1,0,0,0,0,1,1,0,1,0,1,1,1,1,0,1,0,0,1,0,0,1,1,1,1
X01BR026,1,1,0,1,1,0,1,0,1,1,1,1,0,0,0,1,0,1,0,0,0,0,1,1,0,1,1,1,1,0,0,1,1,1,0,0,0,0,0,0,0,1,0,0,0,0,1,1,1,1,0,1,1,0,0,1,0,0,0,0,1,1,1,0,1,0,1,0,1,1,1,0,1,0,0,1,0,0,1,0,1,1,1,0,0,1,1,1,1,1,1,0,1,0,1,0,1,1,1,1,0,0,0,0,0,0,1,0,0,0,0,0,0,1,1,1,0,0,0,1,0,1,0,0,0,1,0,0,1,1,1,0,1,0,1,0,0,0,0,0,0,0,1,0,1,1,1,0,0,1,0,1,0,1,1,0,1,0,0,1,0,1,0,1,0,1,1,1,1,1,1,1,0,1,1,0,1,1,1,1,0,0,0,0,1,0,0,0,0,1,1,1,1,1,1,1,1,1,0,1
X01BR027,1,0,1,0,1,0,0,1,1,0,1,1,1,0,1,0,1,0,0,1,1,0,1,1,0,0,0,0,0,0,1,0,1,1,1,0,1,0,1,0,1,1,0,1,1,0,0,0,0,0,1,1,1,1,0,0,1,1,0,1,1,0,0,1,1,0,1,0,1,0,0,0,0,1,0,1,0,0,1,0,1,1,1,1,0,1,1,0,1,0,1,0,1,1,0,1,1,1,0,0,0,1,0,0,1,0,1,1,1,1,1,0,0,1,1,1,0,1,0,0,1,1,1,0,0,0,0,0,1,0,0,0,1,1,1,1,1,0,0,1,1,1,0,0,1,0,0,0,1,1,0,1,1,1,0,0,0,1,0,1,1,0,0,0,1,1,0,1,1,0,0,1,1,1,0,1,0,1,1,0,1,1,0,0,0,0,0,1,1,0,1,1,0,1,0,1,1,1,0,0
X01BR030,0,0,1,1,0,1,0,0,1,1,0,0,1,1,1,0,0,0,1,0,0,1,0,0,1,1,0,1,1,1,0,0,1,0,0,0,1,0,0,1,0,0,1,0,0,1,0,0,0,1,1,1,1,0,1,0,0,1,0,0,0,1,1,0,0,1,0,1,1,1,0,0,1,1,0,0,0,0,0,1,0,0,0,1,1,1,0,0,1,1,1,1,0,1,1,0,1,0,1,0,1,0,1,0,0,1,0,1,1,0,0,0,1,0,1,0,0,0,0,0,1,0,0,1,0,1,1,1,1,1,1,0,0,0,1,1,1,0,1,0,0,1,1,1,0,1,0,1,0,1,1,0,0,0,0,1,1,1,1,0,1,1,1,1,1,0,1,1,0,1,1,1,1,0,1,0,0,1,0,0,1,0,0,1,1,1,1,1,1,1,0,1,1,1,0,1,1,1,0,1
X01BR031,1,1,1,0,1,0,1,1,1,0,1,1,0,0,0,1,0,1,0,0,1,0,1,0,0,0,0,1,0,0,0,1,1,1,1,0,1,1,0,0,0,1,0,0,0,0,0,0,1,0,0,0,1,1,0,1,0,0,0,1,1,0,0,0,1,0,1,0,1,1,1,0,0,1,0,0,0,1,0,0,1,1,1,0,0,1,1,0,1,0,1,1,1,0,0,1,0,1,1,0,0,0,1,0,0,0,1,0,0,1,1,1,0,1,1,1,1,0,0,1,0,1,1,0,1,0,0,0,1,0,1,0,0,0,1,1,0,0,0,0,1,0,0,0,1,0,0,0,1,1,0,1,1,1,1,0,0,0,0,1,1,0,0,0,0,1,0,1,1,0,0,1,1,1,0,1,0,1,1,0,0,0,1,0,1,0,0,0,1,0,1,1,0,1,1,1,1,1,0,1
X01BR032,0,1,0,0,0,1,0,1,0,0,0,0,1,1,1,0,1,0,1,0,1,0,0,0,1,1,1,0,0,1,1,0,0,1,1,0,1,1,1,0,0,0,1,1,1,1,1,0,1,0,1,0,1,1,1,0,1,1,1,1,0,0,0,1,0,0,1,1,0,0,1,1,1,1,1,1,1,1,1,1,0,0,0,1,0,0,0,0,1,0,0,1,0,0,1,1,0,0,1,1,1,1,1,1,0,0,0,1,1,1,1,0,0,1,1,0,1,1,1,0,0,1,0,1,0,1,0,1,1,1,0,1,0,1,1,1,0,1,0,0,1,1,1,1,1,1,0,1,1,1,1,1,0,1,1,1,1,1,0,0,0,0,1,0,0,0,1,0,1,0,0,0,1,1,0,0,1,0,0,0,1,1,1,0,0,0,0,1,0,0,1,0,1,1,0,1,0,0,1,0
X01BR033,0,0,1,1,1,1,1,1,0,1,0,0,0,0,0,0,0,1,0,0,0,0,1,1,0,1,1,1,1,0,1,1,1,0,1,0,0,1,0,0,1,1,0,0,0,1,1,1,1,1,0,0,1,1,1,1,0,0,1,0,1,1,1,1,0,1,0,0,1,1,0,1,1,0,1,0,1,0,0,1,0,0,0,0,0,0,0,1,1,0,0,1,1,0,1,1,0,0,0,1,0,0,0,1,0,0,0,0,0,0,1,1,1,0,1,0,0,0,1,1,1,0,1,1,1,0,0,0,1,1,1,1,0,0,1,0,0,0,1,1,1,0,0,1,0,0,1,0,1,0,0,1,0,1,1,0,0,0,0,0,0,1,1,1,1,1,0,1,0,1,0,1,0,0,1,1,1,1,0,0,0,0,1,1,1,1,1,1,1,0,0,1,0,1,1,1,1,1,1,0
X01BR040,1,1,0,1,1,0,0,0,0,1,1,1,0,0,1,1,0,0,0,0,0,0,1,0,1,0,1,1,0,0,0,1,0,1,1,0,1,1,0,0,1,1,1,1,0,0,1,0,1,0,1,0,1,1,0,0,1,1,0,1,0,0,0,0,1,0,1,0,1,0,1,0,0,1,1,1,0,0,0,0,1,1,1,1,0,0,1,0,1,1,0,0,0,0,1,0,0,1,1,1,0,0,0,0,1,0,1,1,1,1,1,1,0,1,0,1,1,1,1,0,0,0,1,0,1,0,0,0,1,0,1,0,1,1,0,1,1,0,0,1,0,1,0,0,1,0,0,0,1,1,0,1,1,1,0,0,0,0,0,1,1,1,0,0,0,1,0,1,1,0,0,1,1,1,1,1,0,1,1,0,1,1,1,0,0,1,0,0,1,0,1,1,0,1,0,1,1,1,0,1
X01BR042,1,1,0,1,1,0,0,1,0,1,1,1,0,0,1,1,0,0,0,0,0,0,1,0,1,0,1,1,0,0,0,0,0,1,1,1,1,1,0,0,1,1,1,1,1,0,1,0,1,0,1,0,1,1,0,0,1,1,0,1,0,0,0,0,1,0,1,0,1,0,1,0,0,1,1,0,0,0,1,0,1,1,1,1,0,0,0,0,1,0,0,0,0,1,1,0,0,1,1,1,0,1,0,1,1,0,0,1,1,1,1,1,0,1,1,1,0,1,1,0,0,0,1,0,1,0,0,0,1,0,1,0,1,1,1,1,1,0,0,1,1,1,0,0,1,0,0,0,1,1,0,1,1,1,0,0,0,0,0,1,1,0,0,0,0,1,0,1,1,0,0,1,1,1,0,1,0,1,0,0,1,0,0,0,0,1,0,1,1,0,1,1,0,1,0,1,1,1,0,0
X01BR043,1,1,1,1,1,0,0,1,0,1,1,1,0,0,1,0,0,0,0,0,0,0,0,0,0,0,0,1,0,1,0,0,0,1,1,0,1,1,0,0,1,1,0,1,0,0,1,0,0,0,1,0,0,1,0,0,1,1,0,1,0,0,0,0,1,1,1,0,1,0,1,0,0,1,1,1,0,0,1,0,1,1,1,1,0,0,1,1,1,1,1,0,0,1,0,0,0,1,1,1,0,1,0,0,1,0,0,1,1,1,1,0,0,1,0,1,0,0,1,0,0,1,1,0,0,0,0,0,1,0,1,1,1,1,0,1,1,1,0,1,0,0,0,1,1,1,0,0,1,1,0,1,1,0,0,0,0,1,0,1,1,0,0,0,0,1,0,1,1,0,0,1,1,0,0,1,0,1,1,0,1,0,0,0,0,1,0,1,1,0,1,1,1,1,0,1,1,1,0,1
X03BR002,0,0,1,0,1,1,1,1,1,0,0,0,1,1,0,0,1,1,1,0,1,1,0,0,0,1,0,0,1,1,1,1,1,0,0,0,0,0,1,1,0,0,1,0,1,1,0,0,1,0,0,1,1,0,1,1,0,0,1,0,1,1,1,1,0,1,0,1,0,1,0,1,1,0,0,1,1,1,1,1,0,0,0,0,1,1,0,1,1,1,1,1,1,1,0,1,1,0,0,0,1,0,1,0,0,0,0,0,0,1,1,1,1,0,1,0,0,1,0,1,1,0,1,1,0,0,1,1,1,0,0,1,0,0,1,0,0,0,1,0,1,1,1,1,0,0,1,1,0,1,1,0,0,0,1,1,1,1,1,0,0,1,1,1,0,0,1,0,0,1,1,1,0,1,1,0,1,1,0,0,1,0,0,1,1,0,1,1,1,1,1,1,1,1,0,0,1,1,1,0
X03BR004,0,0,1,0,1,1,1,1,1,0,0,0,0,1,0,0,1,1,1,1,1,1,0,0,0,1,0,0,1,1,1,1,1,0,0,0,0,0,0,1,0,0,0,0,1,0,0,1,0,1,0,1,0,0,0,1,0,0,1,0,1,1,1,1,0,1,0,1,0,1,0,1,1,0,0,1,0,1,0,1,0,0,0,0,1,1,0,0,1,1,1,0,1,1,0,0,1,0,0,0,1,0,1,0,0,1,0,0,0,0,0,0,1,0,0,0,0,0,0,1,1,1,1,0,0,0,1,1,1,0,0,1,0,0,0,0,0,1,1,0,1,0,1,1,0,1,1,1,0,1,0,0,1,1,1,1,1,1,1,0,0,1,1,0,0,0,0,0,0,1,1,1,0,0,1,0,1,0,0,1,0,0,0,1,1,1,0,0,1,0,0,1,1,1,1,0,0,0,1,0
X03BR005,0,0,1,0,1,1,1,1,1,1,0,0,0,1,0,0,0,1,1,1,1,1,0,1,0,1,1,0,1,0,1,1,1,0,0,0,0,0,0,1,0,1,0,0,0,0,0,1,1,1,0,1,0,0,0,1,0,0,1,0,1,1,1,1,0,1,0,1,0,1,1,1,1,0,0,0,1,1,1,0,0,0,0,0,0,1,1,1,1,1,1,1,1,0,1,1,0,0,0,1,1,0,1,1,0,1,0,0,1,0,1,0,1,0,1,0,0,0,0,1,1,0,0,1,0,1,1,0,1,1,0,0,0,0,1,0,0,1,1,0,1,1,1,1,0,1,1,1,0,1,1,0,0,1,1,0,1,0,1,0,0,0,1,1,1,0,1,0,1,1,1,0,0,1,1,0,1,0,1,1,0,0,0,1,1,0,1,0,1,1,0,1,1,0,1,0,1,1,0,1
X03BR006,1,1,0,0,0,0,0,0,0,1,1,1,1,0,1,0,0,1,0,0,1,0,1,0,1,0,1,0,0,0,1,1,0,1,1,1,1,1,0,0,1,1,1,1,1,0,1,0,1,0,1,0,1,1,1,0,1,0,0,0,0,0,0,0,1,0,1,0,1,0,1,0,0,1,1,1,0,0,1,0,1,1,1,1,0,0,0,0,1,1,0,0,0,1,1,0,0,1,1,1,0,1,0,1,1,0,1,1,1,1,1,1,0,1,0,1,0,1,1,0,0,0,1,0,1,1,0,0,1,0,1,0,1,1,0,1,0,0,0,1,0,1,0,0,1,1,0,0,1,1,0,1,0,1,0,1,0,0,0,1,1,0,0,0,0,1,1,1,1,0,0,1,1,1,0,1,0,1,0,1,0,0,1,0,0,0,0,1,1,1,1,1,0,1,0,1,1,1,0,1
X03BR010,0,0,1,0,0,1,0,1,1,0,0,0,1,1,1,1,1,0,1,0,1,1,0,1,1,1,0,0,1,1,1,0,0,0,0,0,1,0,0,1,0,0,1,1,1,1,0,0,1,1,1,1,1,0,1,0,0,1,0,0,1,1,0,1,0,1,0,1,0,0,0,1,1,1,0,0,1,1,0,1,0,0,0,1,1,0,0,0,1,0,0,1,1,0,1,1,0,0,1,1,1,1,1,0,0,1,0,1,1,1,1,1,1,0,1,0,1,1,0,0,1,0,1,1,0,0,1,1,1,1,0,1,0,0,1,1,0,1,1,1,1,1,0,1,0,0,0,1,0,1,1,0,1,0,0,1,0,1,1,0,1,0,1,1,1,0,0,1,1,0,0,1,1,0,0,0,0,0,0,0,1,0,0,1,0,1,1,1,1,0,0,0,0,1,1,0,1,1,0,0
X03BR011,0,0,1,0,1,1,1,0,1,0,0,0,1,1,0,0,1,1,1,1,1,1,0,0,0,1,1,0,1,1,1,1,1,0,1,0,0,0,1,0,1,1,1,1,1,1,0,0,1,0,0,0,0,1,1,1,0,0,1,0,1,1,1,1,0,1,1,1,0,1,1,1,1,0,1,1,1,1,1,0,0,0,0,0,0,0,0,0,1,1,0,1,0,0,1,1,0,0,0,0,1,1,1,1,0,0,0,0,1,0,1,0,1,0,1,0,1,0,0,0,1,0,0,1,1,1,1,1,1,0,0,1,0,0,1,0,0,1,1,0,0,1,1,1,0,1,0,1,0,1,1,0,0,0,1,1,0,1,1,0,0,1,1,1,1,0,1,0,1,1,1,0,0,0,0,0,0,0,0,1,0,0,0,1,0,0,1,1,0,0,0,0,0,1,0,0,0,1,1,1
X03BR013,0,0,1,1,1,1,1,1,1,0,0,0,0,1,0,0,0,1,1,1,0,1,0,1,0,1,1,0,1,1,1,1,1,0,1,0,0,0,0,1,1,0,0,0,0,0,1,1,0,1,0,0,1,0,0,1,0,0,1,0,1,1,1,1,0,1,0,1,1,1,0,1,1,0,0,1,0,1,0,1,0,0,0,0,1,0,0,1,1,0,1,1,0,1,1,1,0,0,0,1,1,1,0,1,0,0,0,0,0,0,0,0,1,0,1,0,0,0,0,1,1,0,1,0,0,1,1,0,1,1,0,0,0,0,1,0,0,1,1,1,1,1,0,1,0,1,1,1,0,0,1,1,1,0,1,0,1,1,1,0,0,1,1,1,1,0,0,0,0,1,1,1,0,0,0,0,1,0,1,0,0,0,0,1,1,1,1,1,0,1,1,0,1,1,1,0,1,1,1,0
X05BR001,0,0,1,1,1,0,1,1,0,1,1,0,0,0,0,1,0,1,1,0,0,0,0,1,0,0,1,1,1,1,0,1,1,0,1,0,0,0,0,0,1,0,0,0,0,0,0,1,1,1,0,1,0,1,0,1,0,0,1,0,1,1,1,0,0,1,0,1,1,1,0,0,1,0,0,0,0,0,0,0,1,1,1,0,0,0,1,1,1,0,0,0,1,0,0,1,1,1,1,1,0,0,0,1,0,1,1,0,0,1,1,1,1,0,1,1,0,0,0,1,1,1,1,0,1,0,0,0,1,1,1,1,1,0,1,1,1,1,0,1,1,0,0,0,1,0,1,1,1,1,0,1,1,0,1,0,0,0,1,1,0,1,0,0,0,1,0,0,1,0,1,1,0,0,1,1,1,1,1,0,1,0,1,1,1,1,0,1,1,0,1,1,0,0,0,1,0,1,0,1
X05BR003,0,0,1,0,1,1,1,1,1,0,0,0,0,1,0,1,0,1,1,1,0,1,0,1,0,1,0,1,1,0,1,1,1,0,1,0,0,0,0,0,0,1,0,0,0,0,0,1,1,1,0,1,0,1,0,1,0,0,1,1,1,1,1,1,0,1,0,1,0,1,0,1,1,0,0,1,1,0,0,0,0,0,0,0,1,1,0,1,1,0,1,1,0,0,1,1,0,0,0,0,1,0,1,0,0,1,0,0,0,0,0,0,1,0,0,0,0,0,0,1,0,1,1,1,1,1,1,0,1,1,0,1,0,0,0,0,1,0,0,0,0,0,1,1,1,1,1,1,0,0,1,0,1,0,1,1,1,1,0,0,0,0,1,1,1,0,0,1,0,1,1,0,0,0,1,0,1,0,0,1,0,1,0,1,1,0,1,1,0,1,0,0,1,0,1,1,1,0,1,1
X05BR004,0,0,1,0,1,1,1,0,1,0,0,0,1,1,0,0,1,1,1,1,1,1,0,0,0,1,1,0,1,0,1,1,0,0,0,0,0,0,1,1,1,0,1,0,1,1,1,1,1,0,0,1,0,0,1,1,1,0,1,0,1,1,1,1,1,1,1,1,0,1,0,1,1,0,0,0,1,1,1,1,0,1,0,0,1,1,0,1,1,1,1,1,0,0,1,1,0,0,0,0,1,0,0,1,0,1,1,0,1,0,1,0,0,0,1,0,1,1,0,1,1,0,0,1,0,1,1,0,1,0,0,0,0,1,1,0,0,1,1,0,0,1,1,1,0,1,1,1,0,1,1,0,0,1,1,0,1,0,1,0,0,1,1,1,1,0,1,0,1,1,1,1,0,0,1,0,1,0,1,1,1,0,0,1,1,0,1,0,0,1,0,0,1,1,1,0,1,1,1,0
X05BR005,0,0,1,0,1,1,1,0,1,1,0,0,0,1,0,0,1,1,1,1,1,1,0,1,0,1,1,0,0,1,1,1,0,0,0,1,0,1,0,1,1,0,0,0,1,1,1,0,1,1,0,0,0,0,0,1,1,0,1,0,1,1,1,1,1,0,1,0,1,1,1,1,1,1,1,0,1,1,1,0,0,0,0,0,0,1,0,0,1,1,1,0,0,0,1,0,1,0,0,1,1,0,0,0,1,1,0,0,0,0,0,0,0,0,0,0,1,1,1,1,1,0,0,1,1,1,0,1,1,0,1,0,0,1,1,0,0,1,1,1,0,0,1,0,0,1,1,1,0,1,0,0,1,0,1,1,1,0,1,0,0,1,1,1,0,1,1,1,0,0,0,1,0,0,1,0,1,0,0,1,0,0,0,0,1,1,0,1,0,1,0,0,1,1,0,1,1,1,1,0
X05BR009,0,0,1,0,1,1,1,1,1,1,0,0,0,1,0,0,0,1,1,1,0,1,0,1,0,1,1,0,1,0,1,1,1,0,0,0,0,0,0,1,1,1,0,0,0,0,1,1,1,1,0,1,0,0,0,1,0,0,1,0,1,1,1,1,0,1,0,1,0,1,0,1,1,0,0,0,1,1,1,0,0,0,0,0,1,1,1,1,1,0,1,1,1,0,0,1,0,1,0,1,1,0,0,1,0,1,0,0,1,0,0,0,1,0,1,0,1,0,0,1,1,0,1,1,0,1,1,0,1,1,0,0,0,0,1,0,0,1,1,0,1,1,1,1,0,0,1,1,0,0,1,0,0,1,1,0,1,0,1,0,0,1,1,1,1,0,1,0,0,1,1,0,0,1,1,0,1,0,1,1,0,0,0,1,1,0,1,1,1,1,0,1,1,0,1,0,1,1,1,0
X05BR016,0,1,1,0,0,1,0,1,1,0,0,0,1,1,1,0,1,0,1,0,1,1,0,1,1,1,1,0,0,1,1,0,0,0,0,0,1,0,0,1,0,0,1,1,1,1,1,0,1,0,1,1,1,0,1,0,1,1,1,0,1,0,0,1,0,1,0,1,0,0,0,1,1,1,1,1,1,1,1,1,0,0,0,0,0,0,0,0,1,0,1,1,0,0,1,1,1,0,0,1,1,0,1,1,0,1,1,1,1,1,1,1,0,1,1,0,1,1,0,0,0,1,1,1,0,0,1,1,1,1,0,1,0,0,1,1,0,1,0,0,1,1,1,1,1,0,0,1,0,1,1,1,0,0,0,1,1,1,1,0,0,0,1,0,0,0,1,0,1,0,0,0,0,0,0,0,0,0,0,0,1,1,0,0,0,1,1,1,1,0,1,0,0,1,0,1,0,0,1,1
X05BR026,0,0,1,1,1,1,1,1,1,0,0,0,0,1,0,0,0,1,1,1,0,1,0,1,0,1,1,1,1,1,0,1,1,0,0,1,0,0,0,0,1,0,0,0,0,0,0,1,1,1,0,0,0,0,0,1,1,0,1,1,0,1,1,0,0,1,0,1,1,1,1,0,1,0,1,1,1,1,0,0,0,0,0,0,1,1,0,1,1,0,1,1,0,0,1,1,0,0,0,1,1,1,0,1,0,0,1,0,0,0,0,0,1,0,1,0,1,0,1,1,1,0,1,1,0,1,1,0,1,1,1,0,0,0,1,0,0,1,1,0,0,0,1,1,0,1,1,1,0,1,1,0,0,0,1,1,1,0,1,0,0,1,1,1,1,1,1,0,0,1,1,1,0,0,1,0,1,0,0,1,0,0,0,1,1,0,1,1,0,1,0,0,1,1,1,0,1,1,1,0
X05BR029,1,0,1,1,0,0,0,1,0,0,1,1,0,0,1,0,1,0,0,1,0,0,1,1,1,0,0,0,0,0,0,0,1,1,1,1,1,1,1,0,0,0,0,1,1,1,0,0,0,0,1,1,1,1,0,0,1,1,0,1,1,0,0,0,1,0,1,1,0,0,0,0,0,1,0,1,0,0,1,0,1,1,1,1,0,0,1,0,1,1,1,0,0,1,0,0,1,0,0,0,0,1,0,1,1,0,0,1,1,0,1,1,0,1,0,1,0,1,1,0,0,0,1,0,0,0,0,1,0,0,0,1,1,1,0,1,1,0,1,1,0,1,0,0,0,1,0,0,1,1,0,1,1,1,0,0,0,1,0,1,1,0,0,0,0,1,0,1,0,0,0,1,1,1,0,1,0,0,1,0,0,1,1,0,0,0,0,1,0,0,1,1,0,1,0,1,1,1,0,1
X05BR038,0,0,1,0,1,1,1,1,1,0,0,0,0,1,0,1,1,1,1,1,1,1,0,1,0,1,0,0,1,1,0,1,1,0,1,0,0,0,1,1,0,1,0,0,1,1,0,0,1,1,0,1,1,0,1,1,1,0,1,1,1,1,1,1,1,1,0,1,0,1,1,1,1,0,0,1,1,1,0,0,0,0,0,0,1,1,1,0,1,1,1,1,0,0,1,0,1,0,1,0,1,0,1,0,0,1,1,0,0,0,0,0,1,0,1,0,1,1,0,1,1,1,0,1,0,1,1,1,1,1,0,1,0,1,1,0,0,1,1,0,0,0,1,0,0,1,1,1,0,0,1,0,0,1,1,0,1,0,1,0,0,0,1,1,1,0,1,0,0,1,1,0,0,1,1,0,1,0,1,1,0,0,0,1,1,0,1,0,0,1,0,0,1,0,0,0,0,0,0,0
X05BR042,1,1,0,1,1,0,0,0,1,0,1,1,0,0,1,1,0,0,0,1,0,0,1,1,1,0,1,1,0,0,0,0,1,1,1,0,1,1,1,0,1,1,0,1,0,0,1,0,1,1,1,0,1,1,0,0,1,1,0,1,0,0,0,0,1,0,1,0,1,0,1,0,0,1,0,1,0,0,0,0,1,1,1,1,0,1,1,0,1,0,1,0,0,0,0,0,0,1,0,1,0,1,0,1,1,0,1,1,1,0,1,0,0,1,0,1,0,1,0,0,0,1,0,1,0,0,0,0,1,0,1,0,1,1,0,1,1,0,0,1,0,0,0,0,1,1,0,0,1,1,0,1,1,1,0,0,0,0,0,1,1,1,0,0,0,0,0,1,1,0,0,1,1,1,1,1,0,1,1,1,0,0,1,0,0,0,0,1,0,0,1,1,0,1,0,1,1,1,0,1
X05BR043,1,0,1,1,1,0,1,1,1,0,1,1,0,0,0,1,0,1,0,1,0,0,1,1,0,0,0,1,0,0,0,1,1,0,1,1,1,1,1,0,0,1,0,0,0,0,0,0,1,0,1,0,0,1,0,0,1,1,0,1,0,0,0,0,1,1,1,0,1,0,1,0,0,1,0,1,0,1,1,0,1,1,1,1,0,1,1,0,1,0,1,0,0,0,0,0,1,1,1,1,0,0,1,0,1,0,1,1,1,0,1,0,1,1,0,1,1,0,1,0,0,0,0,0,1,0,0,0,1,0,1,0,0,1,1,1,1,0,0,1,0,0,1,1,1,1,0,0,1,1,0,1,1,1,1,0,0,1,0,1,1,1,0,0,1,1,0,1,1,1,0,1,1,1,1,1,1,1,1,1,0,1,0,1,1,0,0,0,0,1,1,1,0,1,0,1,1,1,0,1
X05BR044,0,0,0,0,1,1,0,1,1,1,1,1,1,1,1,0,1,0,1,0,1,0,0,0,1,0,0,0,0,1,1,0,0,1,0,1,1,1,0,1,0,1,1,1,1,1,0,0,1,1,1,0,0,0,1,0,1,1,1,0,0,1,0,0,1,1,0,1,1,0,1,1,1,1,1,1,1,0,0,0,1,1,0,1,0,0,1,0,1,1,1,0,0,0,1,0,0,1,0,1,0,0,1,0,1,0,0,0,0,0,0,0,0,1,0,1,0,1,0,0,0,1,0,1,1,0,0,0,1,0,0,1,0,0,1,1,0,1,0,0,0,1,0,0,1,1,0,0,1,1,0,1,0,1,0,0,0,0,0,1,0,0,0,1,0,1,0,0,0,0,0,1,0,1,0,1,0,0,0,1,1,1,1,0,0,1,0,1,0,0,1,1,0,0,0,0,0,1,0,0
X05BR045,1,1,0,0,1,0,0,0,0,1,1,1,0,0,1,0,0,0,0,0,1,0,1,0,1,0,1,0,0,0,0,1,1,1,1,0,1,1,0,0,1,1,0,1,1,0,1,0,1,0,1,0,1,1,1,0,1,1,0,1,0,0,0,0,1,0,1,0,1,0,1,0,0,1,0,0,0,0,1,0,1,1,1,1,0,1,0,0,1,1,1,0,0,1,1,0,0,1,0,1,0,1,0,1,1,1,1,1,0,1,1,0,0,1,0,1,0,1,1,0,0,0,0,0,0,1,0,0,1,0,0,0,1,1,0,1,1,0,1,1,0,1,1,0,0,1,0,0,1,1,0,1,0,1,0,0,1,0,1,1,1,1,0,0,0,1,1,1,1,1,0,1,1,1,1,1,0,1,1,1,0,0,0,0,0,0,1,0,0,0,1,1,0,1,0,1,1,1,0,1
X06BR003,0,0,1,1,1,1,1,1,1,0,1,0,0,1,0,0,1,1,1,1,0,1,0,1,1,1,1,1,1,1,1,0,1,0,1,1,1,0,1,0,0,1,1,0,0,1,0,0,0,0,0,1,1,1,1,0,0,1,1,1,1,0,1,1,0,1,1,1,0,0,0,1,1,1,1,1,0,1,0,1,1,0,1,0,0,1,0,1,1,0,0,1,1,0,1,1,1,0,0,1,1,0,1,1,1,1,0,0,0,1,1,0,1,0,1,0,1,0,1,1,1,1,1,0,1,0,1,1,1,1,1,1,0,1,1,0,0,1,1,1,1,0,0,0,1,0,0,1,1,1,0,0,1,0,0,0,0,1,1,1,0,1,1,0,1,0,0,1,0,1,1,0,0,1,0,0,0,0,1,0,1,1,0,1,0,1,0,1,1,0,0,1,0,0,0,1,1,1,0,1
X06BR005,0,0,1,0,0,1,1,1,0,0,0,0,0,1,0,1,0,1,1,0,1,1,0,0,0,1,0,0,1,1,0,1,0,0,0,0,0,0,0,1,0,1,1,0,1,1,0,0,0,0,0,1,0,0,1,0,0,0,1,0,0,1,0,0,0,1,0,1,1,1,0,1,1,1,0,0,0,1,0,0,0,0,1,0,1,0,0,1,1,1,1,0,1,1,1,0,1,0,1,0,1,0,1,0,1,1,0,0,0,1,1,0,1,0,0,0,0,1,0,0,1,0,1,0,0,1,1,1,1,0,0,1,0,0,0,0,0,0,1,0,1,1,1,1,0,1,0,1,0,1,0,0,1,1,1,1,1,1,1,0,0,1,1,1,0,0,0,0,0,1,1,1,0,0,1,1,1,1,0,0,0,1,0,1,1,0,1,1,1,1,1,0,0,1,0,0,1,0,0,0
X06BR006,0,0,1,0,1,0,1,1,1,1,1,0,0,1,0,0,0,1,1,0,1,0,0,1,0,1,1,0,1,0,1,1,1,0,0,0,0,0,0,1,0,1,0,0,0,0,1,1,1,1,0,1,1,0,0,1,0,0,1,0,1,1,1,1,0,1,0,0,1,1,0,1,1,0,0,0,1,0,0,0,1,0,0,0,0,1,1,1,1,0,1,1,1,0,1,1,0,1,0,1,1,0,0,1,0,1,1,0,1,1,0,1,1,0,1,1,0,0,0,1,1,0,1,1,1,1,1,0,1,1,0,0,0,0,1,0,1,0,1,0,1,1,1,0,0,0,1,1,0,0,1,0,0,1,1,0,1,0,1,0,0,1,0,1,1,0,0,0,0,1,1,1,0,1,1,0,1,0,1,0,0,0,1,1,1,0,1,1,1,1,0,1,1,0,1,0,0,1,0,0
X06BR014,0,0,1,0,1,1,0,1,1,0,0,0,1,1,0,0,1,1,1,1,1,1,0,0,0,1,0,0,0,1,1,0,0,0,0,0,0,1,0,1,0,1,1,0,1,1,0,0,1,1,0,1,0,0,1,0,1,1,1,1,0,1,0,1,0,1,0,1,1,0,1,1,1,1,1,0,1,1,0,0,0,0,0,0,1,0,0,0,1,1,1,1,0,0,1,1,0,0,0,0,1,0,1,0,0,1,0,0,0,0,0,0,0,0,1,0,0,1,0,0,1,0,0,1,0,1,1,1,1,0,0,1,0,0,1,0,0,1,1,0,0,1,1,1,0,1,1,1,0,1,1,0,1,1,1,1,1,1,1,0,0,0,1,1,1,0,1,0,1,1,1,0,0,1,1,0,1,0,0,1,1,0,0,1,0,0,1,0,0,1,0,0,1,0,1,0,0,0,0,0
X09BR001,0,1,0,0,0,0,0,0,0,1,0,1,1,0,1,0,1,0,0,0,1,0,1,0,1,1,1,0,0,1,1,1,0,1,0,1,1,1,0,1,1,0,1,1,1,1,1,0,1,0,1,0,0,0,1,0,1,1,0,0,0,0,0,0,1,0,1,0,1,0,1,1,1,1,1,1,1,0,0,1,0,1,0,1,0,0,0,0,1,1,0,1,0,1,1,0,0,0,0,1,1,1,0,1,1,0,1,1,1,1,1,1,0,1,0,1,0,1,1,0,0,0,0,1,1,1,0,1,1,0,0,0,1,1,1,1,0,0,1,1,0,1,1,1,0,1,0,0,0,1,0,1,0,1,0,1,0,0,0,0,1,0,1,0,0,0,1,1,1,0,1,1,1,0,0,1,0,1,0,1,1,0,0,0,0,0,1,1,0,1,0,0,0,1,0,1,1,1,0,0
X09BR004,1,1,0,0,0,0,0,0,1,0,1,1,1,0,1,0,1,0,0,1,1,1,1,1,1,0,0,0,0,1,1,0,1,0,0,0,1,0,1,1,0,0,0,1,1,1,1,0,1,1,1,1,1,0,1,1,1,1,0,0,1,1,0,1,1,0,1,0,1,0,0,1,0,1,0,0,1,0,1,0,1,1,1,1,1,1,1,0,1,1,1,1,0,1,0,1,0,0,0,1,0,1,1,1,0,1,1,1,1,0,0,0,0,1,0,0,0,1,0,0,1,0,0,1,1,0,1,0,1,1,0,0,0,1,0,1,1,1,0,1,0,1,1,0,0,1,0,0,0,1,1,0,0,0,0,0,1,0,0,1,1,1,0,0,1,0,1,1,1,1,0,1,1,0,0,0,0,1,1,0,1,1,0,0,0,1,1,1,0,1,1,1,1,1,0,1,1,1,0,1
X09BR005,0,0,1,0,1,1,1,1,1,0,1,0,1,1,0,0,1,1,1,1,1,1,0,1,0,1,1,0,0,1,1,1,0,0,1,1,0,0,1,0,1,1,0,0,1,1,1,0,1,0,0,1,1,1,1,0,1,0,1,1,1,0,0,1,0,1,0,1,0,0,1,1,0,1,1,0,1,1,1,0,0,0,1,0,1,0,1,0,1,1,1,1,0,0,1,1,0,0,1,1,1,0,0,1,0,1,1,0,0,1,1,0,0,0,1,0,1,1,1,0,1,1,1,1,0,0,0,1,1,0,0,1,0,0,1,1,0,1,1,0,0,0,0,0,1,1,0,1,0,1,0,1,1,0,1,1,1,1,1,0,1,1,0,0,1,1,0,0,0,1,0,1,0,0,0,0,1,1,0,0,0,1,0,0,0,1,1,0,1,0,0,0,0,1,0,1,1,1,1,0
X09BR007,0,0,1,0,1,1,1,1,1,1,0,0,0,1,0,1,0,1,1,1,1,1,0,0,1,1,0,1,0,1,1,1,1,0,0,0,0,1,1,1,0,0,1,0,0,1,0,1,1,1,0,0,0,0,0,0,0,1,1,0,0,1,1,0,0,1,0,1,0,0,1,1,1,1,1,0,1,0,1,1,0,0,0,0,1,0,0,0,1,1,1,1,0,0,1,1,0,0,1,0,1,0,1,0,1,1,0,0,0,1,1,1,1,0,1,0,0,1,1,1,1,0,1,1,1,0,1,1,1,0,1,1,0,0,1,0,1,1,1,0,1,0,1,1,0,1,0,1,0,1,1,0,0,1,1,0,1,1,0,0,1,1,1,1,0,1,0,0,0,1,0,0,0,1,1,0,1,1,0,0,1,0,1,1,1,1,1,1,0,0,0,0,1,1,1,0,1,0,1,0
X11BR003,1,0,1,1,1,0,0,1,1,0,1,1,0,0,1,1,0,0,1,1,0,1,0,1,1,0,1,1,1,0,0,0,1,0,1,0,1,0,1,0,1,1,0,0,0,0,1,0,0,1,1,1,1,1,0,0,0,1,0,1,1,0,0,0,0,0,1,1,0,0,0,0,0,1,0,1,0,1,1,1,1,1,1,1,0,1,1,1,1,0,0,1,1,0,0,1,1,1,1,1,0,0,0,1,1,0,1,1,1,0,1,1,1,1,1,0,1,0,0,0,1,1,1,0,0,0,1,0,1,1,1,1,1,1,1,1,1,1,1,1,1,1,0,1,1,0,0,0,1,1,0,1,1,1,0,0,0,1,1,1,1,1,0,0,1,0,0,1,1,0,0,1,1,1,1,1,0,0,1,0,1,0,1,0,0,1,0,1,0,0,1,1,0,1,0,1,1,1,0,1
X11BR004,0,0,1,1,1,1,1,1,0,0,1,0,0,1,0,1,0,1,1,0,0,0,0,1,0,0,0,1,0,1,0,1,1,1,1,1,1,1,1,0,0,1,0,0,0,0,0,0,0,0,1,0,0,1,0,1,1,1,1,1,0,0,1,0,0,1,1,1,0,0,1,0,0,1,1,1,0,0,1,0,1,0,1,1,0,0,1,1,1,0,1,0,1,0,0,0,1,1,1,1,0,0,1,0,1,0,0,0,1,1,1,1,0,0,1,1,0,0,1,1,0,0,1,0,0,0,0,0,1,1,1,1,1,0,0,1,1,1,1,1,1,0,0,0,0,1,0,0,1,1,0,1,1,1,1,0,0,1,0,1,1,0,1,0,0,1,0,0,0,0,1,1,0,1,1,1,1,0,0,0,0,1,1,1,1,1,0,1,1,0,1,0,0,0,0,1,0,1,1,0
X11BR006,0,0,1,0,0,1,1,0,1,0,0,0,0,1,1,1,0,0,1,1,0,1,0,1,0,1,0,1,0,0,1,1,1,0,1,1,0,1,0,0,0,1,0,0,0,0,0,1,0,1,0,1,0,1,0,1,1,0,0,1,0,1,1,0,1,1,0,0,1,1,1,0,1,0,0,1,0,0,0,0,0,0,0,1,1,1,0,1,1,1,1,0,0,1,1,0,1,0,1,1,1,0,1,0,1,0,0,1,1,0,0,0,0,0,0,0,0,0,1,1,1,0,0,1,0,1,1,1,1,1,1,1,0,0,0,0,1,0,1,0,0,1,1,1,0,1,1,1,0,0,0,0,1,0,1,1,1,1,1,0,1,1,1,1,1,0,1,1,0,0,1,1,1,0,1,0,0,1,0,1,0,0,0,1,1,0,1,1,0,1,1,0,1,1,1,0,1,0,1,1
X11BR009,0,0,1,1,0,1,0,1,1,0,0,0,1,1,1,1,1,0,1,1,0,1,0,1,1,1,0,0,1,1,1,0,0,0,1,1,1,0,1,0,1,0,1,1,1,1,0,0,0,0,1,1,1,1,1,0,1,1,0,1,0,0,0,1,0,1,1,1,0,0,0,1,1,1,1,1,0,0,1,1,1,0,1,1,1,1,0,0,1,0,0,0,0,0,0,0,1,0,1,1,1,0,1,1,1,0,0,1,1,0,1,1,0,1,0,0,0,1,1,0,1,1,1,1,0,0,1,1,1,1,0,1,0,0,0,1,1,0,1,0,0,1,1,1,0,1,0,1,0,1,0,0,1,0,0,1,0,1,0,0,1,1,1,0,1,0,0,1,0,0,0,1,1,0,0,1,0,1,1,0,1,0,0,0,0,1,1,1,0,1,1,1,0,0,0,1,1,0,0,1
X11BR010,0,0,1,1,1,1,1,1,1,0,1,0,0,1,0,1,1,1,1,0,1,1,0,1,0,1,0,0,0,1,0,1,1,0,0,1,0,1,1,1,0,1,0,0,1,1,1,0,1,1,0,1,0,0,0,0,0,0,1,0,1,1,1,0,0,1,0,0,0,1,1,0,1,1,1,1,1,1,0,0,0,0,0,0,1,1,1,1,1,0,0,1,0,0,1,1,0,0,1,1,1,0,1,1,0,0,1,0,0,0,0,1,1,0,1,1,1,1,1,1,0,0,1,1,0,1,0,0,1,1,1,1,0,0,1,0,1,1,1,0,1,0,0,0,0,1,0,1,0,0,0,0,1,0,1,0,0,0,1,1,0,0,0,1,0,1,0,0,0,1,1,1,0,1,1,0,1,0,1,0,1,1,0,1,1,0,0,0,1,0,0,1,0,0,1,1,1,1,1,1
X11BR011,0,0,1,1,1,1,1,1,1,0,1,0,0,1,1,1,0,1,1,1,0,1,0,1,1,1,0,1,1,1,0,0,1,0,1,1,0,0,1,1,0,0,0,0,0,0,0,1,0,0,0,1,0,1,0,1,1,1,1,1,0,1,1,0,0,1,1,1,0,1,1,0,1,0,1,0,0,1,1,1,0,0,0,0,1,0,0,1,1,0,0,0,1,0,1,0,0,0,1,1,1,0,1,0,0,1,0,0,0,1,1,1,1,0,0,0,0,0,1,1,1,0,1,1,1,0,0,1,1,1,0,1,0,0,0,0,1,1,1,0,1,1,1,0,0,1,1,0,0,1,0,0,1,0,0,1,0,1,1,0,0,0,1,0,0,1,0,0,0,0,1,1,0,0,0,1,0,1,0,0,1,1,1,1,1,1,0,1,1,0,1,1,0,1,0,1,1,1,0,1
X11BR012,0,0,1,0,0,1,0,1,1,0,0,0,1,1,1,1,1,0,1,1,1,1,0,1,1,1,0,0,1,1,1,0,1,0,0,1,1,0,0,1,0,0,1,1,1,1,0,0,0,1,1,1,1,0,1,0,1,1,0,0,0,1,0,1,0,1,1,1,0,1,0,1,1,1,1,1,1,1,1,1,1,0,0,1,1,1,0,0,1,1,1,1,0,1,1,1,1,0,1,1,1,0,1,0,1,0,0,1,1,0,0,0,0,1,1,0,0,1,1,0,1,1,1,1,0,0,1,1,1,1,0,1,0,0,1,1,0,1,0,0,1,1,1,0,1,1,0,1,0,1,1,0,0,0,0,1,1,0,1,0,1,1,1,1,1,0,0,1,1,1,0,1,1,0,0,0,0,1,0,1,1,0,0,1,0,1,1,1,0,0,1,0,0,1,0,1,1,0,1,1
X11BR013,0,0,1,0,0,1,0,0,1,0,0,0,1,1,1,0,1,0,1,1,1,1,0,1,1,1,1,0,1,1,1,0,0,0,1,0,0,0,1,0,1,0,1,1,1,0,1,1,0,0,1,0,0,1,1,1,0,1,1,1,1,0,0,1,0,0,1,1,0,1,0,1,1,0,1,1,0,1,1,1,0,0,0,1,1,0,0,1,1,0,1,0,0,1,1,0,1,0,0,1,1,1,0,1,0,0,0,0,1,0,1,1,0,0,0,0,1,1,0,0,1,0,1,0,0,1,1,1,1,0,0,1,1,0,0,0,0,1,1,0,1,1,1,1,0,1,1,1,0,1,1,0,1,0,1,1,1,0,1,0,0,1,1,1,1,0,1,1,1,1,1,0,0,0,0,1,0,1,0,0,1,0,0,0,1,1,1,1,0,1,1,0,0,1,0,0,1,1,1,1
X11BR014,0,0,1,0,1,1,1,1,1,0,0,0,0,1,0,0,0,1,1,1,0,1,0,1,0,1,1,1,1,1,1,1,1,0,0,0,0,0,1,1,0,1,0,0,0,1,0,0,1,1,0,1,0,0,0,1,0,0,1,0,1,1,1,0,0,1,1,1,0,1,1,0,1,0,1,1,1,1,1,0,0,0,0,0,0,1,1,1,1,0,1,1,0,0,1,1,0,0,1,1,1,0,1,1,0,1,1,0,0,1,1,0,1,0,1,0,1,0,0,1,1,0,1,1,0,1,1,0,1,1,1,0,0,0,1,0,0,1,1,0,1,0,1,1,0,1,1,1,0,0,1,0,0,1,1,0,1,1,1,0,0,0,1,1,1,1,1,0,1,1,1,1,0,1,1,0,1,0,0,1,0,0,0,1,1,0,1,0,1,1,0,1,1,0,1,0,1,1,1,0
X11BR015,0,0,1,0,0,1,0,0,1,0,0,0,1,1,1,0,1,0,1,1,1,1,0,0,1,1,1,0,0,1,1,0,0,0,1,1,1,1,0,0,1,0,1,1,1,1,1,0,0,1,1,1,1,1,1,0,1,1,0,1,0,0,0,1,1,0,0,1,0,1,0,1,1,1,0,1,0,1,0,1,1,1,1,1,1,0,0,0,1,1,1,0,0,1,1,0,1,0,0,1,1,1,0,1,1,0,0,1,1,0,0,1,0,1,1,0,0,1,1,0,1,0,0,0,0,0,1,1,1,0,0,1,1,1,1,1,0,1,1,1,1,1,1,1,0,1,0,1,0,1,1,0,1,0,0,1,1,1,1,0,1,1,1,0,1,0,0,0,1,0,0,0,1,0,0,0,0,1,0,1,0,1,0,0,0,1,1,1,0,0,1,0,0,1,0,1,1,1,1,1
X11BR016,1,0,1,1,1,0,0,1,0,0,1,1,0,0,1,1,0,0,0,1,0,0,1,1,0,0,0,1,0,0,0,0,1,1,1,0,1,1,1,0,1,1,0,0,0,0,1,0,1,0,1,0,0,1,0,0,1,1,0,1,0,0,0,0,1,0,1,0,1,0,1,0,0,1,0,1,0,0,1,0,1,1,1,1,0,0,1,0,1,0,1,0,0,0,0,1,1,1,1,0,0,1,1,1,1,0,1,0,1,1,1,1,0,1,0,1,0,0,0,0,0,1,1,0,0,0,0,0,1,0,1,1,1,1,0,1,1,0,0,1,0,0,0,0,1,1,0,0,1,1,0,1,1,1,0,0,0,1,0,1,1,0,0,0,0,1,0,1,1,0,0,1,1,1,1,1,0,1,1,0,0,0,1,0,0,0,0,0,1,0,1,1,0,0,0,1,1,1,0,1
X11BR017,0,1,1,1,1,0,1,1,1,1,1,1,0,1,0,1,0,1,0,0,0,0,1,1,1,0,0,1,0,1,0,0,0,1,0,0,1,0,0,0,0,1,1,1,1,0,0,0,1,1,1,0,0,0,0,0,1,1,1,0,1,1,0,0,1,1,0,0,1,0,1,0,1,1,1,1,1,0,0,0,1,1,0,1,0,1,1,0,1,0,0,1,0,0,1,1,0,1,1,1,0,1,1,0,0,1,1,0,0,1,0,0,1,1,0,1,0,1,0,0,0,1,1,1,1,0,0,0,1,0,1,0,0,0,0,1,0,0,0,0,0,0,0,0,1,0,0,0,0,1,0,1,0,1,0,0,0,0,0,1,0,0,0,1,0,1,0,0,1,0,0,1,0,0,1,1,1,1,1,0,1,1,1,1,0,1,0,1,1,0,1,1,0,0,0,1,0,1,0,0
X11BR018,0,0,1,1,1,1,1,1,1,1,0,0,0,1,0,0,0,1,1,0,0,1,0,1,0,1,1,1,1,0,0,1,1,0,0,0,0,0,0,1,1,1,0,0,0,0,1,1,1,1,0,1,1,0,0,1,0,0,1,0,1,1,1,1,0,1,0,0,1,1,0,0,1,0,0,1,1,1,0,0,0,0,0,0,0,1,1,1,1,0,1,1,1,0,1,1,0,1,0,1,1,0,0,1,0,1,1,0,1,0,0,0,1,0,1,0,0,0,0,1,1,0,1,1,0,1,1,0,1,1,0,0,1,0,1,0,0,0,1,0,1,1,1,1,0,1,1,1,0,0,1,0,0,1,1,0,1,0,1,0,0,1,0,1,1,0,1,0,0,1,1,1,0,1,1,0,1,0,1,1,1,0,0,1,1,0,1,0,1,1,0,1,1,0,1,0,1,1,1,0
X11BR019,0,1,1,1,0,1,0,1,1,0,0,0,1,1,1,0,0,0,0,0,0,1,0,1,1,1,1,0,1,1,0,0,0,0,0,1,1,1,0,1,1,0,1,1,1,1,1,0,1,1,1,0,1,0,1,0,1,1,0,0,0,1,0,1,0,1,0,0,1,0,0,1,1,1,0,0,1,0,0,1,1,1,0,1,0,1,1,1,1,0,1,1,0,1,1,1,0,0,0,1,1,0,0,1,1,1,1,1,1,1,0,0,0,1,1,0,0,1,1,0,1,1,1,1,1,1,1,1,1,1,0,1,1,0,1,1,0,0,0,0,1,1,0,0,0,1,0,1,0,1,0,0,1,0,0,1,0,0,1,0,1,1,0,0,0,0,1,1,0,0,1,1,1,0,0,0,0,1,1,0,1,0,0,0,0,1,1,1,1,0,1,0,0,1,0,1,1,1,0,0
X11BR020,0,0,1,1,1,1,1,1,1,0,0,0,0,1,0,1,0,1,1,1,0,1,0,0,0,1,0,1,1,0,0,1,1,0,1,0,0,1,0,0,0,1,0,0,0,0,0,1,1,1,0,0,0,1,0,1,1,0,1,1,0,1,1,0,1,0,1,1,1,1,1,0,1,0,1,1,0,0,0,0,0,0,0,0,1,1,0,1,1,1,1,0,1,0,1,0,1,1,1,0,0,0,1,0,1,0,1,0,0,1,0,0,1,0,0,0,0,0,0,1,0,1,1,1,1,1,0,0,1,0,1,1,0,0,0,0,1,0,0,0,0,0,1,1,1,1,1,0,1,0,0,1,0,1,1,0,0,1,1,1,1,0,1,0,0,1,0,0,1,0,1,1,0,1,1,1,1,1,0,1,0,1,1,1,1,1,0,1,1,0,1,1,1,0,1,0,1,1,0,1
X11BR022,0,0,1,0,1,1,1,1,1,0,0,0,1,1,0,1,1,1,1,1,1,1,0,0,0,1,0,0,1,1,0,1,1,0,1,0,0,1,1,1,0,1,1,0,1,1,0,0,1,0,0,0,1,1,1,0,1,0,1,1,0,1,1,0,0,1,1,1,0,1,1,1,1,1,1,0,1,0,1,0,0,0,0,0,1,0,0,0,1,1,1,1,0,0,1,1,0,0,1,0,1,1,1,0,1,1,0,0,0,1,1,1,1,0,0,0,1,1,0,1,0,0,1,1,0,0,0,1,1,0,0,1,0,0,0,0,1,1,1,0,0,0,1,1,0,1,0,0,0,1,0,0,0,1,1,1,0,1,0,0,1,0,1,1,0,1,0,0,0,1,0,0,0,1,1,0,1,1,0,0,0,0,1,0,1,1,0,1,1,1,0,0,1,0,1,0,1,1,1,0
X11BR023,1,0,1,1,1,0,0,1,1,0,1,1,0,0,1,1,0,0,0,1,0,0,0,1,0,0,0,1,0,0,0,0,1,1,1,0,1,0,1,0,1,1,0,1,0,0,1,0,0,1,1,1,1,1,0,0,1,1,0,1,1,0,1,0,1,0,1,0,1,0,0,0,0,1,0,0,0,1,1,0,1,1,1,1,1,1,1,1,1,0,1,0,0,1,0,0,1,1,1,1,0,1,0,0,1,1,1,0,1,0,1,0,0,1,0,1,1,0,0,0,0,0,1,0,0,0,0,0,1,1,1,0,1,1,0,1,1,0,1,1,0,1,0,1,1,1,0,0,1,1,0,1,1,1,0,0,0,1,0,1,1,1,0,0,1,1,0,1,1,0,0,1,1,1,1,1,0,1,1,0,1,0,1,0,1,1,1,0,0,0,1,1,0,1,0,1,1,1,0,1
X11BR024,1,0,1,1,1,0,0,1,1,0,1,1,0,0,1,1,0,0,0,1,0,0,1,1,0,0,0,1,0,0,0,0,1,1,1,0,1,1,1,0,0,1,0,0,0,0,0,0,1,0,1,0,1,1,0,0,1,1,0,1,0,0,0,0,1,0,1,0,0,0,1,0,0,1,0,1,1,0,1,0,1,1,1,1,0,1,1,0,1,1,1,0,0,0,0,0,1,1,1,0,0,1,1,0,1,1,1,1,1,0,1,0,1,1,0,1,0,0,0,0,0,1,1,0,0,0,0,0,1,0,1,0,0,1,0,1,1,0,0,1,0,1,0,0,1,1,0,0,1,1,0,1,1,1,0,0,0,0,0,1,1,0,0,0,1,1,0,1,1,0,0,1,1,1,1,1,0,1,1,0,1,0,1,0,0,0,0,0,0,0,1,1,0,1,0,1,1,1,0,1
X11BR025,0,0,1,0,0,1,0,0,1,0,0,0,1,1,1,0,1,0,1,0,1,1,0,0,1,1,1,0,1,1,1,0,0,0,1,1,1,1,1,0,0,0,1,1,1,1,0,0,0,0,1,1,1,1,1,0,0,1,0,1,0,1,0,1,0,0,0,1,0,0,0,1,1,1,0,1,0,1,1,1,0,0,1,1,1,0,0,0,1,1,1,0,0,1,1,0,1,0,0,0,1,0,1,1,1,0,0,1,1,1,1,0,0,1,1,0,1,1,1,0,1,0,1,0,0,0,1,1,1,0,0,1,1,0,0,1,0,0,1,0,1,1,1,1,0,1,0,1,0,1,1,0,1,0,0,1,1,1,0,0,1,1,1,0,0,0,1,0,1,0,1,0,1,0,0,1,0,1,0,0,1,0,0,0,0,1,1,1,0,0,1,0,0,1,0,0,1,0,1,0
X11BR027,0,0,0,0,0,1,0,0,1,0,0,0,1,1,1,1,0,0,1,1,0,1,0,0,1,1,0,1,0,1,1,0,0,0,1,0,1,1,0,0,0,0,1,1,0,1,1,0,1,1,1,0,1,0,1,0,1,1,1,1,0,1,0,0,0,1,0,1,1,1,1,1,1,1,1,1,1,1,0,1,0,0,0,1,1,1,0,0,1,1,1,1,0,0,1,0,0,0,1,1,1,0,1,0,0,0,1,0,1,0,0,0,1,1,1,0,0,1,0,0,1,0,0,1,0,1,1,1,1,1,1,0,0,0,1,1,0,1,1,0,0,1,1,1,0,1,0,1,0,1,1,0,0,1,0,0,1,1,1,0,0,0,1,1,0,0,1,0,1,1,0,0,0,1,1,0,0,0,1,1,1,0,0,1,1,1,1,0,0,1,0,0,1,1,0,1,0,0,1,0
X11BR028,0,0,1,0,1,1,1,1,1,0,1,0,1,1,0,0,1,1,1,1,1,0,0,1,1,1,0,0,1,1,1,0,0,0,1,1,1,0,1,0,0,0,1,0,1,1,0,0,1,0,0,0,1,1,1,0,0,1,1,1,0,0,0,1,0,1,1,0,0,0,1,1,1,1,1,1,1,1,0,0,1,1,1,1,1,0,1,0,1,0,0,0,1,0,1,0,0,0,0,0,0,0,1,0,1,0,1,1,0,1,1,1,1,0,1,1,0,1,1,0,1,1,1,1,0,0,0,1,0,0,0,1,0,0,1,0,0,1,0,0,1,0,0,0,1,1,0,0,0,1,0,1,1,0,0,0,0,1,1,1,1,1,0,0,0,1,0,0,0,0,0,1,0,0,0,1,0,1,0,0,1,1,0,1,0,1,0,1,1,0,1,1,0,0,0,1,1,1,1,1
X11BR030,0,0,1,1,1,1,1,1,0,0,1,0,0,1,1,1,0,1,1,1,0,1,0,0,1,0,0,1,0,1,0,0,0,0,1,1,1,1,0,0,0,0,0,0,0,0,0,1,0,1,1,0,1,1,0,1,1,1,1,1,1,0,1,0,0,1,0,1,1,1,1,0,0,1,1,1,0,0,0,0,1,1,1,1,1,0,1,1,1,1,0,0,0,0,0,0,1,1,1,0,0,0,1,0,1,0,0,0,1,0,0,1,1,0,0,1,0,0,1,0,0,1,1,0,0,0,0,0,1,1,1,1,1,1,0,0,1,1,0,1,0,1,0,0,1,1,0,0,1,1,0,0,1,0,0,0,0,1,0,1,0,0,0,0,0,1,0,0,0,0,0,1,0,1,0,1,0,1,1,0,1,1,1,1,1,1,0,1,1,0,1,1,0,0,0,0,0,1,0,0
X11BR031,0,0,1,1,1,1,1,1,1,0,0,0,0,1,0,1,0,1,1,1,0,1,0,0,0,1,0,1,1,1,0,1,0,0,1,0,0,0,0,1,0,1,0,0,0,1,0,1,1,1,0,1,1,0,0,1,1,0,1,1,1,1,1,0,0,1,0,1,0,1,1,1,1,0,1,0,1,0,1,0,0,0,0,0,1,1,1,1,1,0,0,1,1,0,1,1,0,0,1,0,1,0,1,0,0,1,0,0,0,1,1,0,0,0,0,0,0,0,0,1,0,1,1,1,0,1,0,1,1,1,1,1,0,0,0,0,1,1,0,0,1,1,0,0,1,0,1,1,0,1,1,0,0,0,1,0,1,1,1,0,0,0,1,0,0,1,0,0,1,1,1,1,0,1,0,1,1,1,0,0,1,1,0,1,1,1,0,0,0,0,0,1,0,0,0,0,1,1,1,0
X11BR032,0,0,1,0,1,1,1,1,0,1,0,0,0,1,0,1,0,1,1,1,0,1,0,1,0,1,1,1,0,0,1,1,0,1,0,0,0,1,1,1,1,1,0,0,0,0,1,1,1,1,0,1,0,0,0,1,1,0,1,0,1,1,1,0,0,1,0,1,0,1,1,1,1,0,1,0,1,1,0,0,0,0,0,0,1,0,1,1,1,1,0,1,0,0,0,1,0,1,1,1,1,0,1,1,0,1,1,0,0,0,0,0,1,0,1,0,1,0,0,1,1,1,1,1,1,1,1,0,1,1,1,0,0,0,1,0,0,1,0,1,1,0,1,0,1,1,1,1,1,0,1,0,0,1,1,1,1,0,1,0,0,0,1,1,1,1,0,0,0,1,1,0,0,1,1,0,1,0,0,0,1,0,0,1,1,0,1,1,1,1,0,0,1,1,1,0,0,0,1,0
X11BR036,1,1,1,0,0,0,0,1,0,0,1,1,1,0,1,0,1,0,0,1,1,0,1,1,1,0,1,0,0,1,1,0,0,1,1,0,1,1,1,0,1,1,1,1,1,1,1,0,0,0,1,0,1,1,1,0,1,1,0,1,0,0,0,1,1,0,1,1,0,0,1,1,0,1,0,0,0,1,0,1,1,1,1,1,0,0,0,0,1,0,1,0,0,1,0,0,1,1,0,1,0,0,0,1,1,0,1,1,1,0,1,0,0,1,0,0,1,1,1,0,1,0,0,0,0,0,1,0,0,1,0,1,1,1,0,1,0,1,1,1,0,1,0,1,0,0,0,0,1,1,0,1,1,0,0,0,0,1,0,1,1,1,0,0,1,1,0,0,1,0,0,1,1,0,0,1,0,0,1,0,1,1,1,0,0,1,1,1,0,0,1,1,0,0,0,1,1,1,0,1
X11BR038,0,0,1,1,1,1,1,1,1,0,1,0,0,1,0,0,0,1,1,1,0,1,0,1,0,1,0,1,0,0,1,1,1,1,1,1,0,0,0,0,0,1,0,0,0,0,0,1,1,1,0,1,0,1,0,1,1,0,1,1,1,0,1,0,1,0,0,0,1,1,1,0,0,0,1,1,1,0,0,0,1,1,1,1,0,1,1,1,1,1,1,0,1,0,1,1,0,1,0,1,0,0,1,0,0,1,1,0,1,1,0,0,0,0,1,1,0,0,1,1,0,1,0,1,1,1,0,0,1,0,1,0,0,0,0,0,1,0,0,1,0,0,0,0,1,1,1,0,1,0,0,1,0,1,1,0,0,1,1,1,0,0,0,0,0,1,0,0,0,1,1,1,0,1,1,1,1,1,0,1,1,1,1,1,1,0,0,1,0,1,1,1,1,0,1,0,1,1,1,1
X11BR040,0,0,1,0,1,1,0,1,1,0,0,0,1,1,1,0,1,0,1,1,1,1,0,1,0,1,1,0,1,1,1,0,0,0,0,0,0,0,1,1,1,1,1,0,1,0,1,1,1,0,1,1,1,0,1,1,0,1,1,0,1,1,0,1,0,1,0,1,0,1,1,1,1,0,1,1,1,1,1,1,0,0,0,0,1,1,0,1,1,0,1,1,0,0,1,1,0,0,0,1,1,0,1,1,0,1,0,0,1,0,0,0,1,0,1,0,1,0,0,1,0,0,0,1,0,1,1,1,1,1,0,1,0,0,1,0,0,1,1,0,1,1,1,1,0,1,1,1,0,0,1,0,1,1,1,1,1,1,1,0,0,1,1,1,1,0,1,0,1,1,0,0,0,1,1,0,1,0,1,1,0,0,0,1,1,0,1,1,0,0,0,0,1,1,1,0,0,1,0,0
X11BR042,0,0,1,0,1,1,1,1,1,0,1,1,0,1,0,0,1,1,1,0,1,0,0,0,0,0,0,0,0,1,1,0,0,1,1,0,1,1,0,0,0,1,0,0,1,0,1,0,1,1,0,0,1,1,0,0,1,0,1,0,1,1,1,1,0,1,0,1,1,0,1,1,1,1,1,1,1,0,0,0,1,1,1,0,0,0,1,0,1,1,1,1,0,0,1,1,0,1,0,0,0,0,1,1,0,0,0,0,0,1,0,0,0,1,0,0,1,1,0,0,0,1,1,1,1,0,0,0,0,0,1,1,0,0,0,0,0,1,0,1,1,0,0,0,1,1,0,0,1,1,0,1,1,1,0,0,0,0,0,1,0,0,0,1,0,1,0,0,0,0,0,1,0,0,0,1,1,0,1,0,1,1,1,0,0,1,0,1,1,0,1,1,0,0,0,1,0,1,1,0
X11BR043,0,1,1,1,0,1,1,0,0,0,0,0,0,1,1,1,0,0,1,0,0,1,1,0,1,1,1,1,1,1,0,1,0,1,1,0,1,1,0,0,1,0,1,1,0,1,1,0,0,0,1,0,0,1,1,0,1,1,0,1,0,0,0,0,1,0,1,1,1,0,1,0,1,1,1,0,0,1,1,1,0,1,1,1,1,0,0,1,1,0,0,0,1,0,1,0,1,0,1,1,0,0,0,1,1,0,0,1,1,1,1,1,0,0,1,0,0,0,1,0,1,0,1,0,0,0,0,1,1,1,1,1,1,1,1,0,0,0,0,1,1,1,0,1,0,1,0,0,1,1,0,1,1,0,0,1,1,0,0,0,1,1,1,0,0,1,0,1,1,0,1,1,1,0,0,1,0,1,0,0,1,0,0,0,0,1,1,1,0,0,1,0,0,1,0,0,1,0,1,1
X11BR044,0,0,1,1,1,1,1,1,1,0,0,0,1,1,1,1,0,0,1,1,0,1,0,0,0,1,1,1,0,1,0,0,1,0,1,0,0,1,1,0,1,0,1,0,0,1,0,0,0,0,1,0,1,1,0,0,1,1,1,1,0,0,0,0,1,1,1,1,0,0,1,1,1,1,0,0,0,1,1,1,0,1,1,1,1,0,0,0,1,1,1,0,0,1,1,0,1,0,1,0,0,1,1,1,1,1,1,0,0,1,1,1,0,0,0,0,0,1,1,0,0,0,1,0,0,0,1,1,1,0,1,1,1,1,0,1,0,1,1,1,0,1,1,1,0,1,0,0,1,1,0,0,1,1,1,1,1,1,0,0,1,1,1,0,0,0,0,0,0,0,1,1,0,1,1,1,1,1,0,0,1,0,1,0,1,1,0,1,0,0,0,1,0,1,0,0,1,0,1,1
X11BR047,0,0,1,0,1,1,1,0,1,0,0,0,0,1,0,1,1,1,1,1,1,1,0,0,0,1,0,0,0,0,1,1,0,0,0,0,0,1,0,1,0,1,0,0,1,1,0,0,1,1,0,0,1,0,1,0,1,0,1,0,0,1,1,1,1,1,0,1,1,1,1,1,1,0,1,0,1,1,0,0,0,0,0,0,1,0,0,0,1,1,0,0,0,0,1,0,0,0,1,0,1,0,1,0,0,0,1,0,0,0,0,0,0,0,1,0,0,1,0,1,1,1,0,1,0,1,0,0,1,0,1,1,0,0,1,0,0,1,1,0,0,0,1,1,0,1,1,1,0,0,1,0,0,1,1,0,1,1,1,0,0,1,0,1,0,1,1,0,1,0,1,0,0,1,1,0,1,0,1,1,0,0,0,1,0,0,0,1,0,1,0,1,1,0,1,1,0,1,0,0
X11BR049,0,0,1,1,1,1,1,1,1,0,0,0,0,1,0,1,0,1,1,1,0,1,0,0,0,1,0,1,0,1,0,1,0,0,1,0,0,1,1,0,0,0,1,0,0,1,0,0,0,0,0,0,0,1,1,0,1,1,1,1,1,0,1,0,1,1,1,1,0,0,1,0,1,1,1,0,1,1,1,0,0,0,1,0,1,0,0,0,1,1,1,0,0,0,1,0,1,0,1,0,1,0,1,0,0,1,0,0,0,0,1,0,0,0,1,0,0,1,0,0,1,1,0,0,0,0,1,1,1,0,1,1,0,1,1,1,1,1,0,0,0,0,1,1,1,1,0,1,1,1,0,0,1,1,1,0,1,1,1,0,1,1,1,0,1,0,0,1,1,0,0,0,0,0,1,0,1,0,0,1,1,1,0,0,0,1,0,1,0,1,0,0,1,1,1,0,1,0,1,0
X11BR050,0,0,1,1,1,1,1,1,1,0,0,0,0,1,0,1,0,1,1,1,0,1,0,1,0,1,1,1,1,0,0,1,1,0,0,0,0,0,1,1,1,1,0,0,0,0,0,1,0,0,0,1,0,0,0,1,0,0,1,0,1,1,1,1,0,1,1,1,0,1,0,0,0,0,1,1,1,1,1,0,0,0,0,0,1,0,1,1,1,0,1,1,1,0,0,1,1,1,1,1,1,0,0,1,0,1,0,0,0,1,1,0,1,0,1,0,1,0,0,1,0,1,1,1,0,0,1,0,1,1,1,1,0,0,1,0,0,1,1,1,1,0,1,1,0,0,1,1,1,0,1,0,1,1,1,0,1,1,1,0,0,0,1,1,1,0,0,0,1,1,1,0,0,1,1,0,1,0,1,0,0,1,1,1,1,0,0,1,1,0,0,1,1,0,1,0,1,1,0,0
X11BR051,0,0,0,0,0,1,1,0,1,1,0,0,0,1,0,1,0,1,1,0,0,1,0,0,0,1,0,1,0,1,1,1,0,1,0,0,0,1,0,1,0,0,1,0,0,1,1,0,0,1,0,0,0,0,1,1,1,0,1,0,0,1,1,0,1,1,0,1,1,1,1,0,1,1,1,1,1,1,0,0,0,0,0,0,1,0,0,0,1,1,1,0,0,1,1,0,1,0,1,0,1,0,1,0,0,1,1,0,0,1,0,0,0,0,1,0,1,0,0,1,0,0,0,0,1,1,0,1,1,0,1,0,0,0,1,1,0,1,0,0,0,0,1,0,0,1,1,1,0,1,1,0,0,0,1,1,1,0,0,0,0,1,1,1,0,0,1,0,0,1,1,1,0,0,1,1,0,1,0,1,0,1,0,0,1,1,0,1,0,1,0,0,1,1,1,1,0,1,1,0
X11BR053,0,0,1,0,0,1,0,1,1,0,0,0,1,1,1,0,1,0,1,0,1,1,0,0,1,1,0,0,1,1,1,0,0,0,1,0,1,0,0,0,0,0,1,1,1,1,0,0,0,0,1,0,1,1,1,0,0,1,1,1,0,0,0,1,0,1,0,1,0,0,0,1,1,1,1,0,0,1,1,1,0,0,1,1,1,0,0,0,0,1,0,0,1,1,1,0,1,0,0,0,0,0,1,0,1,1,0,1,0,1,1,1,1,0,0,0,1,1,0,0,0,1,1,0,0,0,1,1,0,0,1,1,0,0,0,1,0,1,0,1,1,0,1,1,1,0,0,0,0,1,0,1,0,0,0,0,1,1,1,0,1,0,1,0,0,1,0,0,1,0,1,0,0,0,0,1,0,1,0,0,1,1,0,1,0,1,0,1,1,0,1,1,1,1,1,0,1,0,1,1
X11BR054,0,1,0,0,0,1,0,0,1,1,0,0,1,1,1,1,1,0,1,0,1,0,0,0,1,1,1,0,0,1,1,0,0,1,0,0,1,1,0,1,0,0,1,1,1,1,1,0,1,1,1,0,1,0,1,0,1,1,0,0,0,1,0,1,0,1,0,1,1,0,1,1,1,1,1,1,1,0,0,1,0,0,0,1,0,1,0,0,1,1,1,1,0,0,1,0,0,0,1,1,1,0,1,1,0,0,0,1,1,0,0,0,0,1,1,0,1,1,0,0,0,1,0,1,0,1,1,1,1,1,0,1,0,0,1,1,0,1,0,0,1,1,1,1,0,1,0,1,0,1,1,0,0,1,0,1,1,1,1,0,1,0,1,0,0,0,1,0,1,1,0,0,1,0,0,0,0,0,0,0,1,0,0,1,0,1,1,1,0,0,1,0,1,1,1,0,1,0,0,1
X11BR055,0,0,1,0,1,1,1,1,1,1,0,0,0,1,0,0,0,1,1,1,1,1,0,0,0,1,0,1,0,1,1,1,1,0,1,0,0,1,1,1,0,1,0,0,0,0,0,1,1,0,0,1,0,0,0,1,1,0,1,0,1,1,1,0,1,0,0,1,0,1,1,0,1,0,1,1,1,1,1,0,0,0,0,0,0,1,0,0,1,1,1,1,0,0,0,1,0,0,0,1,1,0,1,0,0,1,1,0,0,0,1,0,1,0,1,0,1,0,0,1,1,1,0,1,0,1,1,1,1,0,1,0,0,0,1,0,0,0,0,0,0,0,1,1,1,1,1,1,0,1,1,0,0,1,1,0,1,1,1,0,0,1,1,1,1,1,1,0,1,1,1,0,0,0,1,0,1,0,1,1,0,1,0,1,1,0,0,1,0,1,0,0,1,1,1,0,0,0,1,1
X11BR056,0,0,1,1,1,1,1,1,1,0,0,0,0,1,0,0,0,1,1,1,0,1,0,1,0,1,1,1,0,0,1,1,1,0,0,0,0,0,0,1,1,1,0,0,0,0,1,1,1,1,0,1,0,0,0,0,1,0,1,0,1,1,1,0,1,1,0,0,1,0,1,0,0,0,0,1,0,0,0,0,0,0,0,0,1,1,1,1,1,0,1,1,1,0,0,0,1,1,0,1,1,0,1,1,0,0,1,0,0,0,0,1,1,0,1,1,0,0,0,1,1,0,1,1,1,1,0,0,1,1,1,0,0,0,1,0,1,0,0,0,1,0,1,1,0,1,1,1,0,0,1,0,0,1,1,0,0,0,1,1,0,1,0,1,1,1,1,0,0,1,1,1,0,1,1,0,1,1,1,1,1,0,0,1,1,0,0,1,1,1,0,1,1,1,1,0,1,1,1,1
X11BR058,0,0,1,0,1,0,1,1,1,0,1,0,0,1,0,0,0,1,1,1,0,1,0,0,0,1,0,1,0,1,1,1,0,1,0,0,0,1,0,0,0,1,0,0,0,0,0,1,1,1,0,0,0,0,0,1,1,0,1,0,1,1,1,0,1,1,0,0,1,1,1,0,1,0,1,0,1,0,0,0,1,1,0,0,1,1,1,1,1,1,1,1,0,0,0,1,0,1,0,1,0,0,1,0,0,0,1,0,0,1,0,0,0,0,0,1,0,0,0,1,1,1,1,1,1,0,0,0,1,0,1,0,0,0,1,0,1,1,0,1,0,0,0,0,1,1,1,0,0,1,0,1,0,1,1,0,0,0,0,1,0,0,0,1,0,1,0,0,0,0,0,1,0,0,1,1,1,1,0,0,0,1,1,1,1,1,0,1,1,0,0,1,1,0,0,0,0,1,0,0
X11BR059,0,0,1,1,1,1,1,1,1,0,0,0,0,1,1,0,1,0,1,1,1,0,0,1,0,1,0,0,0,0,1,0,1,0,1,0,0,1,0,0,0,1,0,0,1,0,0,0,1,1,0,0,1,1,0,0,0,0,1,1,0,0,1,1,0,1,1,1,1,1,1,1,0,0,1,1,1,0,0,0,0,1,1,0,1,1,1,1,1,0,1,1,0,0,0,1,0,1,0,1,0,0,1,1,0,0,0,0,1,1,1,0,1,0,1,1,0,0,0,1,0,1,1,0,0,0,0,0,1,0,0,1,0,1,1,0,1,0,0,1,0,1,0,0,1,1,1,0,0,0,0,1,1,1,1,0,0,0,0,1,0,0,1,0,1,1,0,0,0,0,1,1,0,1,0,1,1,1,0,0,1,1,1,0,1,0,0,0,0,0,1,0,1,0,1,0,0,0,0,0
X11BR060,0,0,1,0,1,1,1,1,1,0,1,0,0,1,0,1,1,1,1,1,0,1,0,1,0,0,0,1,1,1,0,1,1,0,1,1,0,0,1,0,1,1,0,0,0,1,0,0,1,1,0,0,1,1,0,1,1,0,1,1,1,1,1,0,0,1,1,0,0,1,1,0,0,1,0,1,1,1,1,0,1,0,0,0,0,1,1,1,1,0,0,1,1,0,0,1,0,1,1,1,0,0,1,0,1,0,1,0,0,0,1,1,1,0,0,1,0,0,1,1,1,0,1,1,1,0,0,0,1,1,1,1,0,0,0,0,1,0,1,1,1,0,0,0,1,0,0,1,1,1,0,1,0,1,1,0,0,0,1,1,0,1,0,0,1,1,0,0,0,1,1,1,0,1,0,1,1,0,1,0,0,1,1,1,1,1,0,1,1,0,0,1,0,0,0,1,0,1,0,1
X11BR072,0,0,1,0,1,1,1,1,1,0,0,0,0,1,0,0,0,1,1,1,1,1,0,0,0,1,1,0,1,1,1,1,0,0,0,0,0,0,0,1,1,0,0,0,0,0,0,1,1,1,0,1,1,0,1,1,0,0,1,0,1,1,1,1,0,1,0,1,0,1,1,1,1,0,1,0,1,1,1,1,0,0,0,0,1,0,0,1,1,1,1,1,0,0,1,1,0,0,0,0,1,0,0,1,0,1,0,0,0,0,1,0,1,0,1,0,1,1,0,1,1,0,0,1,0,1,1,1,1,0,0,0,0,0,1,0,0,1,1,0,1,1,1,1,0,1,1,1,0,1,1,0,0,1,1,1,1,0,1,0,0,0,1,1,1,0,1,0,1,1,1,0,0,1,1,0,1,0,1,1,0,0,0,1,1,0,1,1,0,1,0,0,1,1,1,0,1,0,1,1
X11BR073,0,0,1,1,0,1,0,1,1,0,0,0,1,1,1,0,0,0,1,1,0,0,0,0,1,1,1,1,1,1,0,0,1,0,1,0,1,0,1,0,1,0,1,1,0,1,1,0,0,1,1,0,1,1,1,0,0,1,1,1,0,0,0,1,0,1,0,0,0,0,0,0,0,1,0,1,0,0,0,1,1,0,1,1,1,1,1,1,1,1,1,0,1,0,0,1,1,0,0,0,1,0,0,1,1,0,0,1,1,0,1,0,0,0,0,0,0,0,0,0,1,0,1,0,0,0,1,1,1,0,0,1,1,1,0,1,1,0,1,1,1,1,0,0,0,0,0,1,1,1,0,0,1,0,0,1,0,0,0,0,1,1,1,0,1,0,0,0,0,0,0,1,0,0,1,1,0,0,1,0,1,0,0,0,0,1,0,1,1,0,1,1,0,1,0,0,1,1,1,0
X11BR074,0,0,1,0,1,1,1,1,1,0,0,0,0,1,0,0,0,1,1,1,1,1,0,0,0,1,0,0,1,1,1,1,1,0,0,0,0,0,1,1,0,1,0,0,0,1,0,0,1,0,0,1,0,0,0,1,0,0,1,0,1,1,1,1,0,1,1,1,0,1,1,0,1,0,1,1,1,1,1,0,0,0,0,0,1,1,0,1,1,1,1,1,0,0,1,1,0,0,0,0,1,0,1,1,0,1,0,0,0,0,1,0,1,0,1,0,1,0,0,1,1,0,0,1,0,1,1,1,1,0,1,0,0,0,1,0,0,1,1,0,0,0,1,1,0,1,1,1,0,1,1,0,0,1,1,0,1,1,1,0,0,0,1,1,1,1,1,0,1,1,1,0,0,1,1,0,1,0,1,1,0,0,0,1,1,0,1,1,0,1,0,0,1,1,1,0,1,1,0,0
X11BR075,0,0,1,0,1,1,1,1,1,0,0,0,0,1,0,1,1,1,1,1,1,1,0,1,0,1,0,1,1,0,1,1,1,0,1,1,0,0,1,0,0,1,0,0,0,0,0,1,0,1,0,1,1,1,0,1,0,1,1,1,0,1,1,1,0,1,0,1,0,1,0,1,0,0,0,1,0,1,0,1,0,0,0,0,1,1,0,1,1,0,1,1,1,0,0,1,1,0,1,0,0,0,1,0,1,0,0,0,0,0,1,0,1,0,0,0,0,1,0,1,1,0,1,0,1,0,1,1,1,1,1,1,0,1,0,0,0,1,1,0,1,0,0,1,0,1,0,1,0,0,0,0,1,0,1,1,1,1,0,1,0,1,1,0,1,0,0,0,0,1,0,0,0,0,0,1,1,0,0,0,1,0,1,1,0,0,0,1,0,0,1,0,1,0,1,0,1,1,0,1
X11BR080,1,1,1,1,1,0,1,1,0,0,1,1,0,0,1,1,0,0,0,0,0,0,1,1,0,0,1,1,0,0,0,0,0,1,1,0,1,1,1,0,1,1,0,1,0,0,1,0,0,0,1,0,1,1,0,0,1,1,0,1,0,0,0,0,1,0,1,0,0,0,1,0,0,1,0,0,0,1,1,0,1,1,1,1,0,0,1,0,1,0,0,0,0,1,0,0,1,1,1,1,0,0,0,1,1,0,0,1,1,1,1,1,0,1,0,1,1,1,1,0,0,0,0,0,0,0,0,0,1,1,1,1,1,1,0,1,1,0,0,1,0,1,0,1,1,0,0,0,1,1,0,1,1,1,0,0,0,1,0,1,1,0,0,0,0,1,0,1,1,0,0,1,1,1,1,1,0,0,1,0,1,0,1,0,0,1,0,1,1,0,1,1,0,1,0,1,1,1,0,0
X13BR009,0,0,1,0,1,1,0,0,1,1,0,0,1,1,0,1,1,1,0,0,1,1,1,0,1,1,0,0,1,1,1,1,0,0,1,0,1,0,1,0,0,0,1,1,1,1,0,0,1,0,1,0,0,1,1,0,1,1,1,1,0,1,0,1,0,1,1,1,0,0,1,1,1,1,1,0,0,1,1,1,0,0,0,1,1,0,0,0,1,1,1,0,0,0,0,0,1,1,1,0,0,1,1,0,1,1,1,1,0,1,1,0,1,0,0,1,1,1,0,0,0,0,1,1,0,1,1,1,1,0,0,1,0,0,0,1,0,0,0,0,0,1,0,1,0,1,0,1,0,1,0,1,0,1,1,1,1,0,0,0,1,1,1,0,0,0,1,0,1,1,0,0,1,1,0,1,1,1,0,1,0,1,1,0,0,1,0,1,1,0,1,1,1,1,0,0,0,0,0,0
X14BR005,0,0,1,0,0,1,0,1,1,0,0,0,1,1,1,1,1,0,1,1,1,1,0,0,1,1,0,0,0,1,1,0,0,0,1,0,1,1,1,1,0,0,1,1,1,1,0,0,0,0,1,1,1,1,1,0,1,1,1,1,0,1,0,1,0,1,1,1,0,0,1,1,1,1,1,1,1,1,1,1,0,0,0,1,1,1,0,0,1,1,1,1,0,0,1,1,1,0,1,0,1,0,1,1,0,0,0,0,1,0,1,0,1,0,0,0,1,1,0,0,0,0,0,1,0,1,1,1,1,0,0,1,0,0,1,1,0,1,1,0,0,1,1,1,0,1,0,1,0,1,1,0,1,1,0,1,1,1,1,0,0,0,1,1,0,0,1,0,1,1,0,0,0,0,1,0,0,0,0,1,1,0,0,0,0,1,0,1,0,1,1,0,1,1,0,0,1,0,0,1
X14BR008,0,0,1,0,1,1,1,0,1,1,0,0,0,1,0,1,0,1,1,1,0,1,0,1,0,1,1,0,0,0,1,1,1,0,0,0,0,0,1,1,1,1,0,0,0,0,1,1,1,1,0,1,0,0,0,1,1,0,1,0,1,1,1,0,1,1,1,0,0,1,1,1,1,0,0,0,1,1,1,0,0,0,0,0,0,1,0,1,1,1,1,1,0,0,1,0,0,0,0,1,1,0,1,1,0,1,1,0,0,0,0,0,1,0,1,0,1,0,0,1,1,0,0,1,0,1,1,0,1,1,0,0,0,0,1,0,0,1,1,0,0,1,1,1,0,1,1,1,0,0,1,0,0,1,1,0,1,0,1,0,0,1,1,1,1,1,1,0,1,1,1,0,0,1,1,0,1,0,1,1,0,0,0,1,1,0,1,1,0,1,0,1,1,0,1,0,1,1,1,1
X14BR014,0,0,1,0,1,1,1,1,1,0,0,0,0,1,0,1,1,1,1,0,1,1,0,0,0,1,1,0,1,0,1,1,1,0,0,0,0,0,0,1,1,1,0,0,1,0,1,1,0,1,0,1,0,0,1,0,0,0,1,0,1,1,1,1,0,1,0,1,1,0,0,1,1,0,0,0,0,1,0,1,0,0,0,0,1,1,0,1,1,1,1,0,0,1,1,0,1,1,1,0,1,0,0,1,0,1,0,0,0,0,0,0,1,0,1,0,0,1,0,1,1,1,0,0,0,1,1,0,1,0,0,1,1,0,1,0,0,1,1,0,1,1,1,1,0,1,1,1,0,0,1,0,1,1,1,1,1,0,1,0,0,1,1,1,1,0,1,0,1,1,1,1,0,1,1,0,1,1,0,1,1,0,0,1,1,0,1,1,0,1,0,0,1,1,1,0,1,0,1,0
X15BR003,0,0,1,1,1,1,1,1,1,0,0,0,0,1,0,0,0,1,1,1,0,1,0,1,0,1,0,1,1,1,1,0,1,0,0,0,0,0,0,1,0,0,0,0,0,0,0,1,1,1,0,1,0,0,0,1,0,0,1,0,1,1,1,1,0,1,0,1,0,1,1,1,1,0,1,1,1,1,1,1,0,0,0,0,1,1,1,1,1,0,1,1,0,0,1,1,0,0,0,1,1,0,1,0,0,0,0,0,0,0,1,0,1,0,1,0,1,0,0,1,1,0,0,1,1,1,1,0,1,1,0,0,0,0,1,0,0,1,1,0,0,1,1,0,0,1,1,1,0,1,1,0,0,1,1,0,1,0,1,0,0,0,1,1,1,0,1,0,0,1,1,0,0,1,1,0,1,0,1,1,1,0,0,1,1,0,1,0,0,1,0,0,1,0,1,0,0,1,0,0
X16BR012,0,0,0,0,1,1,1,0,1,0,0,0,0,1,0,0,1,1,0,0,1,0,1,0,0,1,1,0,0,1,1,1,0,1,1,1,0,1,1,0,1,1,1,0,1,1,1,0,1,0,0,0,1,1,1,0,1,0,1,1,1,0,1,0,1,0,1,0,0,0,1,1,1,1,1,1,1,1,1,0,0,1,1,0,0,1,1,0,1,1,0,1,0,0,1,1,0,0,0,1,1,0,0,1,1,0,1,0,0,0,1,0,0,0,1,0,0,1,1,1,1,1,0,1,0,1,0,1,1,0,0,0,0,1,1,0,0,1,0,0,0,0,1,0,1,1,1,1,1,1,0,0,0,0,1,0,1,1,1,0,0,1,0,1,1,1,1,0,1,0,1,1,0,0,0,0,1,1,1,1,1,0,0,0,0,0,1,0,0,0,1,1,0,1,0,1,1,1,1,0
X18BR002,0,0,1,1,1,0,1,1,0,1,1,0,0,1,0,1,0,1,0,1,0,0,0,0,0,1,0,1,0,0,0,1,1,1,0,0,0,1,0,1,0,1,0,0,0,0,1,0,1,1,0,0,1,1,0,1,1,0,1,0,1,1,1,0,0,0,0,0,1,1,1,0,1,1,1,0,1,0,0,0,1,1,0,0,0,1,1,0,1,1,1,1,0,1,1,1,0,1,1,1,0,0,1,0,0,0,1,0,0,1,0,0,1,0,0,1,1,0,0,1,0,1,1,1,1,1,0,0,1,0,1,0,0,0,0,1,1,0,0,0,0,0,0,1,1,1,1,0,0,1,0,1,1,1,1,0,0,0,0,1,0,0,0,1,0,1,0,0,0,1,1,1,0,1,1,1,1,1,0,0,0,0,0,1,1,1,0,0,1,0,1,1,1,0,0,1,1,1,0,1
X18BR003,0,0,1,1,1,1,0,1,1,0,0,0,1,1,1,1,0,0,1,0,0,1,0,1,1,1,1,1,1,1,0,0,0,0,1,0,1,1,1,0,1,0,1,1,0,1,1,0,1,0,1,1,1,1,1,0,0,1,1,1,1,1,0,1,0,1,1,1,0,0,0,0,1,1,0,1,1,1,1,1,0,0,0,1,1,0,0,1,1,0,1,1,0,0,1,1,0,0,1,1,1,0,0,1,0,0,0,1,1,0,1,0,1,0,1,0,1,1,0,0,1,0,0,1,0,1,1,0,1,1,0,1,0,0,1,0,0,1,1,0,0,1,1,1,0,1,0,1,0,1,1,0,1,0,0,1,1,1,1,0,0,1,1,1,1,0,1,0,1,1,1,1,0,0,0,0,0,0,1,1,1,0,0,1,0,1,1,1,0,0,0,0,0,1,1,0,1,0,1,0
X18BR004,0,1,1,0,0,1,0,1,1,0,0,0,1,1,1,0,1,0,1,0,1,1,0,0,1,1,1,0,0,1,1,0,0,0,0,0,1,1,0,1,0,0,1,1,1,1,1,0,1,0,1,1,1,0,1,0,0,1,1,0,1,1,0,1,0,0,0,1,0,0,0,1,1,1,1,1,1,1,0,1,0,0,0,1,1,0,0,0,1,0,0,1,0,0,1,1,0,0,0,1,1,0,1,1,0,0,0,1,1,0,1,1,1,1,1,0,1,1,0,0,0,1,1,1,0,0,1,1,1,1,0,1,0,0,1,1,0,1,0,0,1,1,1,1,1,1,0,1,0,1,1,0,0,1,1,1,1,1,0,0,0,0,1,1,0,0,1,0,1,0,0,0,1,1,0,0,0,0,0,0,1,0,0,1,0,1,1,1,0,0,1,0,1,1,0,1,0,0,0,0
X18BR006,0,0,1,0,1,1,1,1,0,0,0,0,0,1,0,0,0,1,1,1,0,0,0,0,0,1,0,1,0,1,1,1,0,0,1,1,0,1,0,0,0,1,0,0,0,1,0,1,0,1,0,0,0,1,0,0,1,0,1,0,0,0,1,0,1,1,0,0,1,1,1,0,1,0,1,1,0,0,0,0,0,1,0,0,1,0,0,0,1,1,1,0,0,0,1,0,1,0,1,1,0,0,1,0,1,0,0,0,0,0,0,0,0,0,0,0,0,0,1,1,0,1,0,0,0,1,1,1,1,0,1,1,0,1,0,0,0,1,0,0,0,0,1,0,1,1,1,0,0,0,0,1,0,0,1,1,1,0,0,0,1,1,1,0,0,1,0,1,0,0,1,1,0,0,1,1,1,1,0,1,0,1,0,1,1,1,1,1,0,0,1,0,1,0,1,0,1,0,1,0
X18BR007,0,0,1,1,1,1,1,1,0,0,0,0,0,1,0,0,0,1,1,1,0,1,0,1,0,1,1,1,1,1,1,1,1,0,0,0,0,1,1,1,1,1,0,0,0,1,0,0,0,0,0,1,1,0,0,1,1,0,1,0,1,1,1,0,1,0,1,1,0,1,1,1,1,0,1,1,0,0,1,0,0,0,0,0,1,0,0,1,1,0,1,1,1,0,1,1,1,1,1,1,1,0,1,1,0,0,0,0,0,0,1,1,1,0,0,0,1,0,0,1,0,0,1,0,1,0,1,0,1,1,1,1,1,0,0,0,0,0,1,0,1,0,1,1,0,1,0,1,0,0,1,0,1,1,1,1,1,0,0,0,0,0,1,1,1,1,0,0,0,0,1,0,0,1,1,1,1,0,0,1,0,0,1,1,1,0,1,0,1,0,0,0,1,1,1,0,1,0,1,0
X18BR009,0,0,1,1,1,1,1,1,1,0,1,0,0,1,1,1,0,1,1,1,0,1,0,1,0,1,0,1,1,0,0,1,1,0,0,1,0,0,0,1,0,1,0,0,0,0,0,1,0,1,0,0,0,0,0,1,1,0,1,0,1,1,1,0,1,1,0,0,1,1,1,0,0,0,0,1,1,1,0,0,1,0,0,0,1,1,1,1,1,0,1,1,1,0,0,0,1,1,0,1,0,0,1,0,1,0,1,0,1,0,0,0,1,0,1,0,0,0,1,1,1,1,1,1,1,1,0,0,1,1,1,0,0,0,1,0,0,0,0,0,0,1,1,0,1,1,1,1,0,0,0,0,0,0,1,0,0,1,1,1,0,1,0,0,1,1,0,0,0,1,1,1,0,1,1,1,1,0,1,1,1,1,1,1,1,0,1,1,1,0,0,1,1,0,1,1,0,1,0,1
X18BR010,0,0,1,0,1,1,1,1,1,0,0,0,0,1,0,0,1,1,1,0,1,1,0,0,0,1,1,1,1,0,1,1,1,0,0,0,0,0,0,1,1,1,0,0,0,1,1,0,0,1,0,1,0,0,0,0,0,0,1,0,1,1,1,1,0,1,0,1,1,1,1,1,1,0,1,0,0,1,0,0,0,0,0,0,1,1,0,0,1,1,1,0,0,0,1,0,1,1,0,0,1,0,0,1,0,1,1,0,0,0,1,0,1,0,1,0,0,0,0,1,1,0,0,0,0,1,1,0,1,0,1,1,1,0,1,0,0,1,1,0,1,0,1,1,1,1,1,1,0,1,0,0,1,1,1,1,1,0,1,0,0,1,1,0,1,0,0,0,0,1,0,1,0,0,1,1,1,0,0,1,0,0,0,0,1,0,0,1,1,0,0,1,1,1,1,0,1,0,0,1
X18BR016,0,0,1,0,1,1,1,1,1,0,0,0,0,1,0,0,1,1,1,1,1,1,0,1,0,1,0,0,1,1,1,1,1,0,0,0,0,0,1,1,0,0,0,0,1,1,0,1,1,1,0,1,0,0,0,1,0,0,1,0,1,1,1,1,0,1,1,1,0,1,1,1,1,0,1,1,1,1,1,0,0,0,0,0,1,1,0,0,1,0,1,1,0,0,1,1,0,0,0,1,1,0,1,1,0,1,0,0,0,0,1,0,1,0,1,0,1,1,0,1,1,0,0,1,0,1,1,1,1,1,0,0,0,0,1,0,0,1,1,0,0,0,1,1,0,1,1,1,0,1,1,0,1,1,1,0,1,1,1,0,0,0,1,1,1,0,1,0,1,1,1,0,0,1,1,0,1,0,1,1,0,0,0,1,1,0,1,0,0,1,0,0,1,0,1,0,0,0,1,0
X18BR017,0,0,1,0,1,1,1,0,1,0,0,0,0,1,0,0,0,1,1,1,0,1,0,0,0,1,0,1,1,1,1,1,1,0,1,1,0,0,0,0,0,0,0,0,0,1,0,0,1,1,0,0,0,1,0,1,1,0,1,1,0,1,1,0,0,1,0,1,1,1,1,0,1,0,1,1,1,0,0,0,0,0,1,0,0,0,0,1,1,1,1,1,1,0,0,1,0,0,0,0,1,1,1,0,0,0,0,0,0,0,1,0,0,0,0,0,1,0,0,1,1,1,0,1,1,1,1,1,1,0,1,1,0,0,0,0,1,1,0,0,0,0,1,0,1,1,1,1,0,1,1,0,1,0,1,1,1,0,1,0,0,0,1,1,0,0,1,1,1,1,1,1,0,0,1,0,1,1,0,1,0,0,0,1,1,1,1,1,0,0,1,1,0,0,0,0,0,1,1,1
X18BR019,0,0,1,0,0,1,1,1,1,0,0,0,1,1,1,0,1,0,1,1,1,1,0,1,0,1,0,0,1,0,1,1,0,0,0,0,0,0,0,1,0,1,0,0,1,0,0,0,1,1,1,1,0,0,1,1,1,0,1,0,1,1,1,1,0,1,0,1,0,1,1,1,1,0,0,1,1,1,0,1,0,0,0,0,1,1,0,1,1,1,1,1,0,0,1,1,0,1,0,1,1,0,1,1,0,1,0,0,1,0,0,0,1,0,1,0,1,0,0,1,1,1,0,1,0,1,1,1,1,1,0,0,0,0,1,0,0,1,0,0,0,1,1,1,0,1,1,1,0,0,1,0,0,1,1,1,1,1,1,0,0,1,1,1,1,0,1,0,1,1,0,0,0,1,1,0,1,0,0,1,1,0,0,1,1,0,1,1,0,1,1,0,1,0,1,1,0,0,0,1
X20BR001,0,1,0,0,0,1,0,1,0,1,0,1,1,0,1,1,1,0,1,0,0,0,0,0,1,1,1,1,1,1,0,0,0,1,0,0,1,1,0,1,1,0,1,1,1,1,1,0,0,0,1,0,1,0,1,0,0,1,1,0,1,1,0,1,0,0,0,1,1,0,0,1,1,1,1,0,0,0,0,1,0,0,0,1,0,0,0,0,1,0,0,1,1,1,1,1,0,0,1,1,1,1,0,1,0,0,0,1,1,1,0,1,1,1,1,0,0,1,1,0,0,1,1,0,0,0,1,1,1,1,1,1,1,0,0,1,1,1,0,1,1,1,0,1,0,0,0,1,1,1,1,1,1,0,0,1,0,0,0,0,0,0,1,0,0,0,0,0,1,0,0,0,1,0,0,1,0,0,1,0,1,1,0,0,0,1,1,0,1,0,1,0,0,1,0,0,0,0,1,1
X20BR002,1,0,1,0,1,0,1,1,0,1,1,1,0,0,0,0,1,1,0,1,1,0,0,1,0,0,1,1,0,0,1,1,1,1,1,0,0,0,1,0,1,1,0,0,1,0,1,0,0,0,0,1,1,1,0,0,0,0,0,1,1,0,1,1,1,0,1,0,1,1,0,0,0,1,0,0,0,1,1,0,1,1,1,0,0,1,1,0,1,0,0,1,1,1,0,1,1,1,0,1,0,0,0,1,0,1,1,0,0,1,1,0,1,1,1,1,0,0,0,1,1,1,1,0,0,0,1,0,1,1,1,1,0,0,0,1,0,0,0,1,1,0,0,1,1,0,0,0,1,1,0,1,1,1,1,0,0,1,1,1,1,1,0,0,1,1,0,1,1,1,0,1,1,1,0,1,0,1,1,0,0,1,0,0,1,0,0,0,1,1,1,1,1,1,0,1,1,1,0,1
X20BR005,1,0,1,0,1,0,1,1,0,0,1,0,0,0,0,0,1,0,1,1,1,0,0,1,0,0,0,0,1,0,1,0,1,0,1,0,1,0,1,0,1,1,0,0,1,0,0,0,0,1,0,1,1,1,0,0,0,1,0,1,1,0,1,1,0,1,1,1,1,0,0,1,0,1,0,0,0,1,1,1,1,0,1,1,1,0,1,0,1,0,0,1,1,1,0,1,1,1,0,1,0,1,1,1,1,1,0,0,0,0,1,1,1,1,1,1,1,1,0,0,0,1,1,0,0,0,1,0,1,1,1,1,1,1,0,1,1,1,1,1,1,0,0,0,1,0,0,1,1,1,0,1,1,1,0,0,0,1,0,1,1,0,0,0,1,1,0,1,0,1,0,1,1,1,0,1,1,0,1,0,1,1,1,0,0,0,0,0,1,0,1,1,0,1,0,1,1,1,1,1
X20BR006,1,0,1,0,1,0,0,1,0,0,1,0,0,0,1,1,1,0,1,1,1,1,0,1,0,0,0,0,1,0,1,0,1,0,1,1,1,0,1,0,1,1,0,1,1,0,0,0,0,1,1,1,1,1,0,0,0,1,0,1,1,0,0,1,0,0,1,1,0,1,0,1,0,1,0,0,0,1,1,1,1,0,1,1,1,0,1,0,1,0,0,1,1,1,0,1,1,1,0,1,0,1,1,0,1,1,0,0,1,0,1,1,1,1,0,0,1,1,1,0,0,1,1,0,0,0,1,0,1,1,0,1,1,1,0,1,1,1,1,1,1,1,0,0,1,0,0,1,1,1,0,1,1,1,0,0,0,1,0,1,1,0,0,0,1,1,0,1,0,0,0,0,1,1,0,1,1,0,1,0,1,1,1,0,0,1,0,1,0,0,1,1,1,1,0,1,1,1,0,1
X20BR007,1,0,1,1,1,0,1,1,1,0,1,0,0,0,0,0,1,0,1,1,0,1,0,1,0,0,0,0,1,0,1,0,1,0,1,1,1,0,1,0,1,1,0,0,0,0,0,0,0,1,0,1,1,1,0,0,0,1,0,1,1,0,1,1,0,0,0,1,1,1,0,1,0,1,0,0,0,1,0,1,1,0,1,1,1,1,1,0,1,0,0,1,1,0,0,1,1,1,0,1,0,1,1,1,1,1,0,0,1,0,1,1,1,1,0,0,0,0,0,0,0,1,1,0,0,0,1,0,1,1,0,1,1,1,0,1,1,1,1,1,1,0,0,0,1,0,0,1,1,1,0,0,1,1,0,0,0,1,0,1,1,0,0,0,1,0,0,1,0,1,0,1,1,1,0,1,1,0,1,0,1,1,1,1,0,1,0,0,0,0,1,1,0,1,0,1,1,1,0,1
X20BR008,0,0,1,0,1,1,1,1,1,0,1,0,0,1,0,0,1,0,1,1,1,1,0,1,0,0,0,0,1,1,1,0,1,0,1,0,1,0,1,1,0,0,0,0,0,1,0,0,1,1,0,1,1,1,0,0,0,1,1,1,1,1,1,1,0,1,0,1,0,1,0,1,0,1,0,0,1,1,0,1,1,0,1,0,1,1,1,0,1,0,1,1,1,0,0,1,1,0,0,0,0,0,1,0,0,1,0,0,0,0,1,1,1,1,1,0,0,0,0,0,0,1,1,0,0,0,1,0,1,1,0,1,0,1,0,1,1,1,1,1,1,0,0,0,1,0,0,1,1,1,1,0,1,0,0,0,0,1,0,1,0,0,0,0,1,0,0,0,0,1,0,1,0,0,0,1,1,0,1,0,0,1,1,1,1,1,0,1,0,0,1,1,0,0,0,1,0,1,0,0
X21BR001,0,1,0,1,0,0,0,0,0,1,0,1,1,0,1,0,0,0,0,0,0,0,1,0,1,1,1,1,0,1,0,1,0,1,1,1,1,1,0,0,1,0,1,1,1,1,1,0,1,0,1,0,1,1,1,0,1,1,0,0,0,0,0,0,1,0,1,0,1,0,1,0,1,1,1,1,1,0,0,0,1,1,0,1,0,0,0,0,1,1,1,0,0,1,1,0,0,0,1,0,1,1,0,1,1,0,1,1,1,1,0,1,0,0,0,1,0,1,1,0,0,0,0,1,1,1,0,1,1,0,1,0,1,0,0,1,0,0,0,0,0,1,1,0,0,1,0,0,1,1,0,1,0,0,0,1,0,0,0,0,1,1,0,0,0,1,1,1,1,0,0,1,1,0,0,1,0,1,0,1,1,0,0,0,0,1,0,1,0,0,0,1,0,1,0,1,1,1,1,0
X21BR002,0,1,0,0,1,0,1,0,0,1,0,1,0,0,0,0,0,1,0,0,0,0,1,0,1,1,1,1,0,1,0,1,0,1,0,0,0,1,0,0,1,1,1,1,0,1,1,0,1,0,1,0,0,0,1,1,1,0,1,0,0,0,0,0,1,0,1,0,1,0,1,0,1,1,1,1,1,0,0,0,0,1,0,0,0,0,0,0,1,1,0,0,0,0,1,0,0,0,1,0,1,1,0,1,1,0,1,1,0,1,1,1,0,0,0,1,1,0,1,1,0,1,0,1,1,1,0,1,1,0,1,0,0,0,1,1,0,1,0,1,0,0,1,1,1,1,1,0,1,1,1,1,0,1,1,1,1,0,0,0,0,0,1,1,0,1,1,0,1,0,0,0,1,1,1,1,0,1,0,1,0,0,0,0,0,1,0,1,0,1,0,0,0,0,1,1,1,0,1,0
X21BR010,0,0,1,0,0,1,1,1,1,0,0,0,1,1,0,0,1,0,1,1,1,1,0,1,0,0,0,0,1,1,1,0,1,0,0,1,1,0,1,1,0,0,0,0,1,1,0,0,0,1,0,1,1,0,0,0,0,1,1,0,1,1,1,1,0,1,0,1,0,1,0,1,0,0,0,0,1,1,1,1,0,0,0,0,1,1,1,0,1,0,1,1,1,0,0,1,1,0,0,1,1,1,1,0,0,1,0,0,0,0,1,0,1,0,1,0,1,1,0,0,1,1,1,1,0,0,1,1,1,1,0,1,0,1,1,0,1,1,1,0,1,1,0,1,0,0,0,1,1,1,1,0,1,0,0,1,1,1,0,0,0,0,1,1,1,0,0,0,0,1,0,0,1,0,0,0,1,0,1,0,1,0,0,1,1,0,1,1,1,0,0,0,1,0,0,0,1,1,1,1
X22BR005,0,0,1,1,1,1,0,1,1,0,0,0,0,1,1,1,1,0,1,1,0,1,0,1,0,1,0,0,1,1,0,0,1,0,1,1,1,0,1,0,1,1,1,0,0,1,0,0,1,0,1,1,1,1,0,0,0,1,1,1,1,0,0,1,0,0,1,1,0,1,0,1,0,1,0,1,1,1,1,1,0,0,1,1,1,0,0,1,1,0,1,1,1,0,0,1,1,0,0,0,0,0,1,0,1,1,0,0,1,1,1,1,1,0,0,0,1,0,1,0,1,1,1,0,0,0,1,1,1,1,1,1,0,1,0,0,1,0,1,1,1,0,1,0,1,0,0,1,1,0,0,1,1,1,0,1,0,1,0,0,0,0,1,0,1,1,0,0,0,0,0,0,0,1,0,1,1,0,0,0,1,1,1,1,1,0,0,1,0,0,0,0,0,0,0,0,1,0,0,0
X22BR006,0,0,1,1,1,1,1,1,1,0,0,0,0,1,0,0,0,1,1,1,1,1,0,1,0,1,1,0,1,1,1,0,1,0,0,0,0,0,1,1,1,1,0,0,0,0,0,1,1,0,0,1,1,0,1,1,0,0,1,0,1,1,1,1,0,1,1,1,0,1,0,1,1,0,0,1,1,1,1,1,0,0,0,0,1,1,0,1,1,0,1,1,1,0,0,1,1,0,0,0,1,0,0,1,0,1,0,0,0,0,1,0,1,0,1,0,1,0,0,1,1,0,0,1,0,1,1,0,1,0,0,0,0,0,1,0,0,1,1,0,1,1,1,1,0,0,1,1,0,0,1,0,0,1,1,1,1,0,1,0,0,0,1,1,1,0,1,0,1,1,0,1,0,1,1,0,1,0,0,1,0,0,0,0,1,0,1,1,0,1,0,0,1,1,1,0,1,0,1,0
